800,130.8,-12.5,1,5377,0
801,130.8,-12.5,1,5377,0
804,130.8,-12.4,1,5377,0
810,130.9,-12.4,1,5377,0
811,130.9,-12.4,1,5377,0
812,130.9,-12.4,1,5377,0
813,130.9,-12.4,1,5377,0
814,130.8,-12.4,1,5377,0
815,130.8,-12.4,1,5377,0
820,130.9,-12.4,1,5377,0
821,129.5,-14.1,1,5377,0
822,129.5,-14.1,1,5377,0
828,130.9,-12.4,1,5377,0
829,130.9,-12.4,1,5377,0
830,131,-12.5,1,5377,0
831,131,-12.5,1,5377,0
832,131,-12.5,1,5377,0
835,131,-12.5,1,5377,0
836,131.1,-12.6,1,5377,0
837,131,-12.7,1,5377,0
838,131,-12.7,1,5377,0
840,130.4,-12.7,1,5377,0
845,131,-13,1,5377,0
846,131.1,-13.2,1,5377,0
880,136,-12.3,1,5377,0
881,136.8,-12.2,1,5377,0
885,136.5,-13.7,1,5377,0
6710,115.4,-22.1,2,4465,88
6711,115,-21.5,2,4465,88
6712,115.4,-20.8,2,4465,88
6713,116.7,-20.7,2,4465,88
6714,116.3,-21.1,2,4465,88
6718,117.7,-21,2,4465,88
6720,117.1,-20.7,2,4465,88
6721,118.4,-20.7,2,4465,88
6722,118.6,-20.4,2,4465,88
6723,119.7,-20.2,2,4465,88
4702,143.8,-25.1,3,3381,534
4721,147.2,-22.4,3,3381,534
4725,145.4,-23.6,3,3381,534
4726,145.5,-22.5,3,3381,534
4727,144.6,-23.5,3,3381,534
4728,146.1,-23.6,3,3381,534
4730,143.4,-23.8,3,3381,534
4731,144.3,-24.5,3,3381,534
4732,144.6,-22.4,3,3381,534
4733,143.5,-21.8,3,3381,534
4735,141.9,-22.8,3,3381,534
6537,113.9,-25.8,4,1949,227
6701,115.2,-24.7,4,1949,227
4380,151.7,-28.7,5,3356,46
4804,147.5,-20.9,5,3356,46
4805,148,-20.2,5,3356,46
4806,147.4,-19.9,5,3356,46
4807,147.1,-19.9,5,3356,46
4808,147.3,-19.5,5,3356,46
4809,147.1,-19.5,5,3356,46
4810,146.8,-19.2,5,3356,46
4811,146.8,-19.3,5,3356,46
4812,146.8,-19.3,5,3356,46
4813,146.8,-19.3,5,3356,46
4814,146.8,-19.3,5,3356,46
4815,146.7,-19.4,5,3356,46
4816,142.6,-20,5,3356,46
4817,146.7,-19.3,5,3356,46
4818,146.5,-19.2,5,3356,46
4819,146.8,-19.1,5,3356,46
870,133.9,-23.7,6,3064,1052
871,133.9,-23.7,6,3064,1052
872,131,-25.3,6,3064,1052
4697,150.8,-23.7,7,2513,232
4699,150.6,-23.7,7,2513,232
4700,150.5,-23.4,7,2513,232
4701,150.6,-23.4,7,2513,232
4703,150.7,-23,7,2513,232
4704,150.4,-23.1,7,2513,232
4705,149.7,-22.8,7,2513,232
4710,150.8,-23.3,7,2513,232
4711,150.5,-23.3,7,2513,232
4712,149.7,-23.7,7,2513,232
4713,149.4,-24.1,7,2513,232
4714,150.4,-23.7,7,2513,232
4742,148.6,-21.8,7,2513,232
4744,148,-22,7,2513,232
4745,148.3,-22.5,7,2513,232
4746,148.9,-22.9,7,2513,232
4751,149,-21.2,7,2513,232
2386,148.9,-30.1,8,1824,1170
2387,148.8,-29.8,8,1824,1170
2388,149,-30.4,8,1824,1170
2390,149.8,-30.4,8,1824,1170
2397,149.7,-29.9,8,1824,1170
2398,149.8,-29.7,8,1824,1170
2399,150.2,-29.4,8,1824,1170
2400,149.5,-29.5,8,1824,1170
2401,150.3,-29.6,8,1824,1170
2402,150.5,-29.4,8,1824,1170
2405,149.6,-28.9,8,1824,1170
2406,148.9,-29.1,8,1824,1170
2408,150.4,-29,8,1824,1170
2409,150.2,-28.7,8,1824,1170
2410,150.7,-28.9,8,1824,1170
2411,150.3,-29.1,8,1824,1170
2832,148,-30,8,1824,1170
2833,148.4,-29.4,8,1824,1170
2834,148,-29.4,8,1824,1170
2469,152.7,-28.9,9,1682,949
2470,152.7,-28.9,9,1682,949
2471,153.2,-29,9,1682,949
2474,152.9,-28.5,9,1682,949
2480,153.3,-28.7,9,1682,949
4124,153,-27.7,9,1682,949
4132,153.1,-27.7,9,1682,949
4133,153.1,-27.7,9,1682,949
4270,153.1,-27.9,9,1682,949
4275,153.1,-28.1,9,1682,949
4280,153,-27.8,9,1682,949
4285,153,-28.1,9,1682,949
4287,152.8,-28.3,9,1682,949
4300,152.9,-27.7,9,1682,949
4301,152.9,-27.6,9,1682,949
4303,152.8,-27.6,9,1682,949
4304,152.8,-27.6,9,1682,949
4305,152.8,-27.6,9,1682,949
4306,152.3,-26.8,9,1682,949
4307,152.6,-27.9,9,1682,949
4309,152.5,-28,9,1682,949
4310,152.6,-28.1,9,1682,949
4311,152.4,-27.4,9,1682,949
4312,152.5,-27.3,9,1682,949
4313,152.3,-27.1,9,1682,949
4340,152.5,-27.8,9,1682,949
4341,152.4,-27.7,9,1682,949
4342,152.4,-27.5,9,1682,949
4343,152.2,-27.7,9,1682,949
4345,152.3,-27.5,9,1682,949
4346,152.6,-27.6,9,1682,949
4370,152.1,-28.3,9,1682,949
4371,152.2,-28.2,9,1682,949
4372,152.2,-28.3,9,1682,949
4378,151.9,-28.6,9,1682,949
4500,152.9,-27.3,9,1682,949
4501,152.9,-27.3,9,1682,949
4502,153,-27.3,9,1682,949
4503,153,-27.2,9,1682,949
4504,152.9,-27.2,9,1682,949
4505,153,-27.2,9,1682,949
4506,152.9,-27.1,9,1682,949
4507,153.1,-27,9,1682,949
4508,153,-27.2,9,1682,949
4509,153,-27.2,9,1682,949
4510,153,-27.1,9,1682,949
4511,153.1,-27.1,9,1682,949
4512,152.9,-27,9,1682,949
4514,152.8,-26.9,9,1682,949
4515,152.5,-26.9,9,1682,949
4516,153,-27,9,1682,949
4517,153,-27,9,1682,949
4518,153,-26.9,9,1682,949
4519,152.9,-26.8,9,1682,949
4520,152.8,-27.3,9,1682,949
4521,152.8,-27.2,9,1682,949
4550,153,-26.8,9,1682,949
4570,152.6,-26.2,9,1682,949
4571,152.9,-26.2,9,1682,949
4600,152.2,-26.1,9,1682,949
4875,141.9,-10.6,9,1682,949
2477,153.4,-28.9,10,1464,459
2478,153.5,-28.9,10,1464,459
2479,153.5,-28.7,10,1464,459
2481,153.6,-28.7,10,1464,459
2482,153.4,-28.5,10,1464,459
2483,153.5,-28.5,10,1464,459
2484,153.3,-28.4,10,1464,459
2485,153.5,-28.2,10,1464,459
2486,153.5,-28.2,10,1464,459
2487,153.5,-28.3,10,1464,459
2488,153.6,-28.3,10,1464,459
2489,153.5,-28.4,10,1464,459
2490,153.5,-28.3,10,1464,459
4000,153,-27.5,10,1464,459
4005,153,-27.5,10,1464,459
4006,153,-27.5,10,1464,459
4007,153.1,-27.4,10,1464,459
4008,153.1,-27.4,10,1464,459
4009,153.1,-27.4,10,1464,459
4010,153,-27.4,10,1464,459
4011,153.1,-27.4,10,1464,459
4012,153.1,-27.4,10,1464,459
4013,153.1,-27.4,10,1464,459
4014,153.1,-27.4,10,1464,459
4017,153,-27.3,10,1464,459
4018,153,-27.3,10,1464,459
4019,153.1,-27.2,10,1464,459
4020,153.1,-27.2,10,1464,459
4021,153.1,-27.2,10,1464,459
4022,153,-27.2,10,1464,459
4025,153.4,-27.2,10,1464,459
4029,153,-27.4,10,1464,459
4030,153,-27.4,10,1464,459
4031,153,-27.4,10,1464,459
4032,153,-27.4,10,1464,459
4034,153,-27.4,10,1464,459
4035,153,-27.4,10,1464,459
4036,153,-27.3,10,1464,459
4037,152.9,-27.3,10,1464,459
4051,153,-27.4,10,1464,459
4053,153,-27.4,10,1464,459
4054,153,-27.4,10,1464,459
4055,152.9,-27.4,10,1464,459
4059,153,-27.5,10,1464,459
4060,153,-27.4,10,1464,459
4061,152.9,-27.5,10,1464,459
4064,153,-27.5,10,1464,459
4065,153,-27.5,10,1464,459
4066,153,-27.5,10,1464,459
4067,153,-27.5,10,1464,459
4068,153,-27.5,10,1464,459
4069,152.9,-27.5,10,1464,459
4070,152.9,-27.6,10,1464,459
4072,153,-27.5,10,1464,459
4073,153,-27.5,10,1464,459
4074,152.9,-27.6,10,1464,459
4075,153,-27.6,10,1464,459
4076,152.9,-27.6,10,1464,459
4077,153,-27.6,10,1464,459
4078,153,-27.6,10,1464,459
4101,153,-27.5,10,1464,459
4102,153,-27.5,10,1464,459
4103,153,-27.5,10,1464,459
4104,153,-27.5,10,1464,459
4105,153,-27.5,10,1464,459
4106,153,-27.6,10,1464,459
4107,153,-27.6,10,1464,459
4108,153,-27.6,10,1464,459
4109,153.1,-27.6,10,1464,459
4110,153,-27.6,10,1464,459
4111,153.1,-27.6,10,1464,459
4112,153.1,-27.6,10,1464,459
4113,153.1,-27.6,10,1464,459
4114,153.1,-27.7,10,1464,459
4115,153,-27.6,10,1464,459
4116,153.1,-27.6,10,1464,459
4117,153.1,-27.6,10,1464,459
4118,153,-27.7,10,1464,459
4119,153.1,-27.6,10,1464,459
4120,153,-27.5,10,1464,459
4121,153.1,-27.5,10,1464,459
4122,153.1,-27.5,10,1464,459
4123,153.1,-27.6,10,1464,459
4125,153,-27.7,10,1464,459
4127,153.1,-27.6,10,1464,459
4128,153.2,-27.7,10,1464,459
4129,153.2,-27.7,10,1464,459
4130,153.2,-27.7,10,1464,459
4131,153.1,-27.7,10,1464,459
4151,153.1,-27.5,10,1464,459
4152,153.1,-27.5,10,1464,459
4153,153.1,-27.5,10,1464,459
4154,153.2,-27.5,10,1464,459
4155,153.2,-27.5,10,1464,459
4156,153.2,-27.6,10,1464,459
4157,153.2,-27.6,10,1464,459
4158,153.2,-27.5,10,1464,459
4159,153.2,-27.5,10,1464,459
4160,153.2,-27.5,10,1464,459
4161,153.2,-27.5,10,1464,459
4163,153.3,-27.5,10,1464,459
4164,153.3,-27.6,10,1464,459
4165,153.3,-27.6,10,1464,459
4169,153,-27.5,10,1464,459
4170,153.1,-27.5,10,1464,459
4171,153.1,-27.5,10,1464,459
4172,153.1,-27.5,10,1464,459
4173,153.1,-27.5,10,1464,459
4174,153.1,-27.5,10,1464,459
4178,153.2,-27.4,10,1464,459
4179,153.2,-27.5,10,1464,459
4183,153.5,-27.5,10,1464,459
4184,153.3,-27.6,10,1464,459
4205,153.2,-27.7,10,1464,459
4207,153.2,-27.7,10,1464,459
4208,153.3,-27.8,10,1464,459
4209,153.3,-27.8,10,1464,459
4210,153.3,-27.9,10,1464,459
4211,153.2,-28,10,1464,459
4212,153.4,-27.9,10,1464,459
4213,153.3,-28.1,10,1464,459
4214,153.4,-28,10,1464,459
4215,153.4,-28,10,1464,459
4216,153.4,-27.9,10,1464,459
4217,153.4,-28,10,1464,459
4218,153.4,-28,10,1464,459
4219,153.4,-28.1,10,1464,459
4220,153.4,-28.1,10,1464,459
4221,153.5,-28.1,10,1464,459
4223,153.4,-28.2,10,1464,459
4224,153.5,-28.2,10,1464,459
4225,153.5,-28.2,10,1464,459
4226,153.4,-28.1,10,1464,459
4227,153.4,-28.1,10,1464,459
4228,153.4,-28.2,10,1464,459
4229,153.4,-28.1,10,1464,459
4230,153.4,-28.1,10,1464,459
4271,153.2,-27.9,10,1464,459
4272,153.2,-28,10,1464,459
4551,153.1,-26.8,10,1464,459
4552,152.8,-26.7,10,1464,459
4553,153,-26.8,10,1464,459
4554,153,-26.7,10,1464,459
4555,153,-26.7,10,1464,459
4556,153,-26.7,10,1464,459
4557,153.1,-26.7,10,1464,459
4558,153.1,-26.7,10,1464,459
4559,153,-26.7,10,1464,459
4560,152.9,-26.6,10,1464,459
4561,153,-26.5,10,1464,459
4562,152.8,-26.5,10,1464,459
4563,152.9,-26.4,10,1464,459
4564,153.1,-26.6,10,1464,459
4565,153,-26.2,10,1464,459
4566,153,-26.4,10,1464,459
4567,153.1,-26.4,10,1464,459
4568,152.9,-26.3,10,1464,459
4569,152.8,-26.3,10,1464,459
4572,153.1,-26.7,10,1464,459
4573,153.1,-26.5,10,1464,459
4574,152.8,-26.6,10,1464,459
4575,153.1,-26.7,10,1464,459
4580,152.9,-25.9,10,1464,459
4581,153.1,-26,10,1464,459
2312,152.3,-32.1,11,790,696
2324,151.8,-32.7,11,790,696
2423,152.3,-32.4,11,790,696
2431,153.1,-30.9,11,790,696
2440,152.7,-31.1,11,790,696
2441,153,-30.4,11,790,696
2445,152.8,-31.6,11,790,696
2447,152.8,-30.8,11,790,696
2448,153,-30.6,11,790,696
2449,152.7,-30.6,11,790,696
2450,152.7,-30.1,11,790,696
2452,153.1,-30.4,11,790,696
2454,152.8,-30.5,11,790,696
2455,153,-30.5,11,790,696
2456,153.1,-30.1,11,790,696
2460,152.8,-29.5,11,790,696
2462,153.2,-29.8,11,790,696
2463,153.1,-29.4,11,790,696
2464,153.3,-29.5,11,790,696
2465,153.2,-29.4,11,790,696
2466,153.2,-29.4,11,790,696
2472,153.3,-29.2,11,790,696
2473,153.4,-29.1,11,790,696
2898,159.1,-31.5,11,790,696
2899,168,-29,11,790,696
6511,115.3,-30.6,12,1271,767
6515,115.9,-30,12,1271,767
6516,115.2,-30.2,12,1271,767
6518,115.2,-29.8,12,1271,767
6525,115.1,-29.3,12,1271,767
6528,114.8,-29,12,1271,767
6530,114.9,-28.8,12,1271,767
6532,113,-25.8,12,1271,767
6535,114.9,-27.8,12,1271,767
6536,114.4,-27.5,12,1271,767
6000,115.9,-31.9,13,1070,1021
6003,115.9,-31.9,13,1070,1021
6004,115.9,-32,13,1070,1021
6005,115.8,-32,13,1070,1021
6006,115.9,-31.9,13,1070,1021
6007,115.8,-31.9,13,1070,1021
6008,115.8,-32,13,1070,1021
6009,115.8,-32,13,1070,1021
6014,115.8,-31.9,13,1070,1021
6016,115.8,-31.9,13,1070,1021
6017,115.8,-31.9,13,1070,1021
6018,115.8,-31.9,13,1070,1021
6021,115.8,-31.9,13,1070,1021
6022,115.8,-31.9,13,1070,1021
6023,115.8,-31.8,13,1070,1021
6024,115.8,-31.8,13,1070,1021
6026,115.8,-31.8,13,1070,1021
6031,115.8,-31.7,13,1070,1021
6033,115.7,-31.6,13,1070,1021
6035,115.7,-31.5,13,1070,1021
6036,115.7,-31.6,13,1070,1021
6038,115.7,-31.6,13,1070,1021
6043,115.4,-31.1,13,1070,1021
6050,115.9,-31.9,13,1070,1021
6051,115.9,-31.9,13,1070,1021
6052,115.9,-31.9,13,1070,1021
6053,115.9,-31.9,13,1070,1021
6054,115.9,-31.9,13,1070,1021
6055,116,-31.8,13,1070,1021
6056,116,-31.8,13,1070,1021
6057,116,-31.9,13,1070,1021
6058,116,-32,13,1070,1021
6059,115.9,-31.9,13,1070,1021
6060,115.8,-31.9,13,1070,1021
6061,115.8,-31.9,13,1070,1021
6062,115.9,-31.9,13,1070,1021
6063,115.9,-31.9,13,1070,1021
6064,115.8,-31.8,13,1070,1021
6065,115.8,-31.7,13,1070,1021
6066,115.9,-31.8,13,1070,1021
6067,115.9,-31.8,13,1070,1021
6068,115.9,-31.8,13,1070,1021
6069,116,-31.8,13,1070,1021
6090,115.9,-31.9,13,1070,1021
6100,115.9,-32,13,1070,1021
6101,115.9,-32,13,1070,1021
6102,115.9,-32,13,1070,1021
6103,115.9,-32,13,1070,1021
6104,115.9,-31.9,13,1070,1021
6105,116,-32,13,1070,1021
6106,115.9,-32,13,1070,1021
6107,116,-32,13,1070,1021
6108,116,-32.1,13,1070,1021
6109,116,-32,13,1070,1021
6110,116,-32.1,13,1070,1021
6111,116.1,-32.1,13,1070,1021
6121,115.9,-32.3,13,1070,1021
6122,116.1,-32.3,13,1070,1021
6123,116,-32.3,13,1070,1021
6125,116,-32.4,13,1070,1021
6126,116,-32.4,13,1070,1021
6147,115.9,-32,13,1070,1021
6148,115.9,-32,13,1070,1021
6149,115.9,-32,13,1070,1021
6150,115.8,-32.1,13,1070,1021
6151,115.9,-32,13,1070,1021
6152,115.9,-32,13,1070,1021
6153,115.8,-32,13,1070,1021
6154,115.8,-32,13,1070,1021
6155,115.9,-32.1,13,1070,1021
6156,115.8,-32,13,1070,1021
6157,115.8,-32,13,1070,1021
6164,115.9,-32.1,13,1070,1021
6221,115.9,-33.1,13,1070,1021
6223,115.9,-33.2,13,1070,1021
6501,115.9,-31.5,13,1070,1021
6504,116,-31.3,13,1070,1021
6505,116.1,-31.2,13,1070,1021
6506,116.1,-31.1,13,1070,1021
2329,150.2,-32,14,281,2944
2336,151.1,-32.1,14,281,2944
2337,151.1,-32,14,281,2944
2338,151,-31.7,14,281,2944
2339,150.6,-31.7,14,281,2944
2340,151.1,-31.3,14,281,2944
2341,150.6,-31.3,14,281,2944
2342,150.5,-31.2,14,281,2944
2344,150.7,-31.2,14,281,2944
2345,150.9,-30.9,14,281,2944
2346,150.8,-30.6,14,281,2944
2347,150.5,-30.3,14,281,2944
2350,151.9,-30.5,14,281,2944
2351,151.6,-30.5,14,281,2944
2352,151,-30.7,14,281,2944
2353,151.1,-31,14,281,2944
2354,151.8,-31.1,14,281,2944
2355,151.2,-30.8,14,281,2944
2356,149.3,-31.2,14,281,2944
2358,151.3,-30.5,14,281,2944
2359,151,-30.1,14,281,2944
2361,151.1,-29.2,14,281,2944
2365,151.7,-30.1,14,281,2944
2369,151.3,-30,14,281,2944
2370,151.9,-29.7,14,281,2944
2371,151.8,-29.4,14,281,2944
2372,152,-29.1,14,281,2944
2380,150.2,-31,14,281,2944
2381,150.2,-31,14,281,2944
2382,150.2,-30.6,14,281,2944
2403,150.8,-29.6,14,281,2944
2404,150.5,-29.9,14,281,2944
2453,152.6,-30.3,14,281,2944
2475,152.4,-28.5,14,281,2944
2476,152.5,-28.4,14,281,2944
2250,151.2,-33.3,15,810,1094
2251,151.4,-33.5,15,810,1094
2256,151.3,-33.6,15,810,1094
2257,151.3,-33.5,15,810,1094
2258,151.3,-33.3,15,810,1094
2259,151.4,-33.2,15,810,1094
2260,151.4,-33.4,15,810,1094
2261,151.5,-33.4,15,810,1094
2262,151.5,-33.2,15,810,1094
2263,151.5,-33.2,15,810,1094
2264,151.5,-33.1,15,810,1094
2265,151.4,-33.1,15,810,1094
2267,151.6,-33.1,15,810,1094
2278,151.7,-33,15,810,1094
2280,151.7,-33,15,810,1094
2281,151.6,-33.1,15,810,1094
2282,151.7,-33,15,810,1094
2283,151.6,-33,15,810,1094
2284,151.6,-33,15,810,1094
2285,151.7,-32.9,15,810,1094
2286,151.5,-32.9,15,810,1094
2287,151.7,-32.9,15,810,1094
2289,151.7,-32.9,15,810,1094
2290,151.7,-33,15,810,1094
2291,151.7,-33,15,810,1094
2292,151.7,-32.9,15,810,1094
2293,151.8,-32.9,15,810,1094
2294,151.8,-32.9,15,810,1094
2295,151.8,-32.9,15,810,1094
2296,151.7,-32.9,15,810,1094
2297,151.8,-32.9,15,810,1094
2298,151.7,-32.9,15,810,1094
2299,151.7,-32.9,15,810,1094
2300,151.8,-32.9,15,810,1094
2302,151.8,-32.9,15,810,1094
2303,151.7,-32.9,15,810,1094
2304,151.7,-32.9,15,810,1094
2305,151.7,-32.9,15,810,1094
2306,151.7,-33,15,810,1094
2307,151.7,-32.9,15,810,1094
2308,151.7,-32.9,15,810,1094
2309,151.2,-33.5,15,810,1094
2314,151.8,-32.8,15,810,1094
2315,152.2,-32.7,15,810,1094
2316,152.2,-32.7,15,810,1094
2317,152.2,-32.7,15,810,1094
2318,152.2,-32.7,15,810,1094
2319,152.2,-32.7,15,810,1094
2426,152.6,-31.8,15,810,1094
2427,152.7,-31.8,15,810,1094
2428,152.5,-32.2,15,810,1094
2429,152.3,-31.8,15,810,1094
2430,152.5,-31.9,15,810,1094
2439,152.7,-31.7,15,810,1094
2443,152.7,-31.7,15,810,1094
2444,152.9,-31.4,15,810,1094
2446,152.5,-31.4,15,810,1094
5000,138.6,-34.9,16,859,1230
5005,138.6,-34.9,16,859,1230
5006,138.6,-34.9,16,859,1230
5007,138.6,-34.9,16,859,1230
5008,138.6,-34.9,16,859,1230
5009,138.5,-34.9,16,859,1230
5010,138.6,-34.9,16,859,1230
5011,138.5,-34.9,16,859,1230
5012,138.5,-34.9,16,859,1230
5013,138.6,-34.8,16,859,1230
5014,138.5,-34.9,16,859,1230
5015,138.5,-34.8,16,859,1230
5016,138.5,-34.8,16,859,1230
5017,138.5,-34.8,16,859,1230
5018,138.5,-34.8,16,859,1230
5019,138.5,-34.8,16,859,1230
5020,138.5,-34.9,16,859,1230
5021,138.5,-34.9,16,859,1230
5022,138.5,-34.9,16,859,1230
5023,138.5,-34.9,16,859,1230
5024,138.5,-34.9,16,859,1230
5025,138.5,-34.9,16,859,1230
5031,138.6,-34.9,16,859,1230
5032,138.5,-34.9,16,859,1230
5033,138.6,-34.9,16,859,1230
5034,138.6,-35,16,859,1230
5035,138.6,-35,16,859,1230
5037,138.5,-35,16,859,1230
5038,138.5,-35,16,859,1230
5039,138.6,-35,16,859,1230
5040,138.5,-35,16,859,1230
5041,138.6,-35,16,859,1230
5042,138.6,-35,16,859,1230
5043,138.6,-35,16,859,1230
5044,138.5,-35,16,859,1230
5045,138.5,-35,16,859,1230
5046,138.5,-35,16,859,1230
5047,138.5,-35,16,859,1230
5048,138.5,-35,16,859,1230
5049,138.5,-35,16,859,1230
5050,138.6,-35,16,859,1230
5051,138.6,-35,16,859,1230
5052,138.6,-35,16,859,1230
5061,138.6,-35,16,859,1230
5062,138.6,-35,16,859,1230
5063,138.6,-35,16,859,1230
5064,138.6,-35,16,859,1230
5065,138.6,-34.9,16,859,1230
5066,138.7,-34.9,16,859,1230
5067,138.6,-34.9,16,859,1230
5068,138.7,-34.9,16,859,1230
5069,138.6,-34.9,16,859,1230
5070,138.6,-34.9,16,859,1230
5072,138.7,-34.9,16,859,1230
5073,138.7,-34.9,16,859,1230
5074,138.7,-34.9,16,859,1230
5075,138.7,-34.9,16,859,1230
5076,138.7,-34.9,16,859,1230
5081,138.6,-34.9,16,859,1230
5082,138.6,-34.9,16,859,1230
5083,138.6,-34.9,16,859,1230
5084,138.6,-34.9,16,859,1230
5085,138.6,-34.9,16,859,1230
5086,138.6,-34.9,16,859,1230
5087,138.6,-34.9,16,859,1230
5088,138.7,-34.8,16,859,1230
5089,138.7,-34.9,16,859,1230
5090,138.7,-34.8,16,859,1230
5091,138.7,-34.8,16,859,1230
5092,138.7,-34.8,16,859,1230
5093,138.7,-34.8,16,859,1230
5094,138.6,-34.8,16,859,1230
5095,138.6,-34.8,16,859,1230
5096,138.6,-34.8,16,859,1230
5097,138.7,-34.8,16,859,1230
5098,138.6,-34.8,16,859,1230
5106,138.6,-34.8,16,859,1230
5107,138.6,-34.8,16,859,1230
5108,138.6,-34.8,16,859,1230
5109,138.7,-34.8,16,859,1230
5110,138.6,-34.7,16,859,1230
5111,138.6,-34.7,16,859,1230
5112,138.7,-34.7,16,859,1230
5113,138.7,-34.7,16,859,1230
5114,138.8,-34.7,16,859,1230
5115,138.7,-34.7,16,859,1230
5116,138.7,-34.6,16,859,1230
5117,138.6,-34.6,16,859,1230
5118,138.7,-34.6,16,859,1230
5120,138.5,-34.7,16,859,1230
5121,138.6,-34.7,16,859,1230
5125,138.7,-34.8,16,859,1230
5126,138.7,-34.8,16,859,1230
5127,138.7,-34.8,16,859,1230
5131,138.8,-34.8,16,859,1230
5132,138.8,-34.9,16,859,1230
5133,138.8,-34.8,16,859,1230
5134,138.8,-34.9,16,859,1230
5136,138.7,-34.9,16,859,1230
5157,138.6,-35.1,16,859,1230
5158,138.5,-35.1,16,859,1230
5159,138.6,-35.1,16,859,1230
5160,138.5,-35.1,16,859,1230
5161,138.5,-35.1,16,859,1230
5162,138.6,-35.1,16,859,1230
5163,138.6,-35.1,16,859,1230
5164,138.5,-35.1,16,859,1230
5165,138.5,-35.1,16,859,1230
5166,138.5,-35.1,16,859,1230
5167,138.5,-35.2,16,859,1230
5168,138.5,-35.1,16,859,1230
5169,138.5,-35.2,16,859,1230
5170,138.5,-35.2,16,859,1230
5171,138.6,-35.2,16,859,1230
5172,138.6,-35.3,16,859,1230
5173,138.5,-35.3,16,859,1230
5174,138.5,-35.3,16,859,1230
5201,138.7,-35.2,16,859,1230
5202,138.5,-35.4,16,859,1230
5203,138.4,-35.5,16,859,1230
5204,138.3,-35.6,16,859,1230
5210,138.7,-35.4,16,859,1230
5211,138.5,-35.5,16,859,1230
5212,138.7,-35.5,16,859,1230
5213,138.7,-35.5,16,859,1230
5214,138.8,-35.5,16,859,1230
5231,138.8,-34.8,16,859,1230
5232,138.8,-34.9,16,859,1230
5253,139.3,-35.1,16,859,1230
5254,139.5,-35.1,16,859,1230
5350,138.8,-34.6,16,859,1230
5351,138.9,-34.6,16,859,1230
5352,138.9,-34.5,16,859,1230
5360,138.9,-34.4,16,859,1230
5371,138.8,-34.5,16,859,1230
5372,138.8,-34.4,16,859,1230
5400,138.7,-34.5,16,859,1230
5415,138.7,-33.9,16,859,1230
5431,138.9,-32.2,16,859,1230
5432,138.5,-32.2,16,859,1230
5451,138.6,-34.1,16,859,1230
5452,138.7,-34,16,859,1230
5453,138.6,-33.8,16,859,1230
5454,138.6,-33.5,16,859,1230
5455,138.6,-33.7,16,859,1230
5460,138.5,-34.3,16,859,1230
5461,138.4,-34.1,16,859,1230
5462,138.4,-33.9,16,859,1230
5464,138.4,-33.7,16,859,1230
5470,138.5,-33.6,16,859,1230
5471,138.4,-33.5,16,859,1230
5472,138.4,-33.4,16,859,1230
5473,138.4,-33.3,16,859,1230
5581,137.7,-34.8,16,859,1230
5582,137.7,-34.9,16,859,1230
5583,137.7,-35.1,16,859,1230
5600,137.3,-33,16,859,1230
5601,137.1,-32.9,16,859,1230
5602,136.9,-33.5,16,859,1230
5603,136.5,-33.8,16,859,1230
5604,136.3,-34,16,859,1230
5605,136.1,-34.4,16,859,1230
5606,135.7,-34.8,16,859,1230
5607,134.7,-33.2,16,859,1230
5608,137.5,-33,16,859,1230
5609,137.5,-33,16,859,1230
5950,138.5,-34.9,16,859,1230
2000,151.2,-33.9,17,651,659
2007,151.2,-33.9,17,651,659
2008,151.2,-33.9,17,651,659
2010,151.2,-33.9,17,651,659
2011,151.2,-33.9,17,651,659
2060,151.2,-33.8,17,651,659
2061,151.2,-33.8,17,651,659
2527,150.8,-34.6,18,529,1369
2529,150.8,-34.6,18,529,1369
2533,150.8,-34.6,18,529,1369
2534,150.8,-34.7,18,529,1369
2535,150.7,-34.8,18,529,1369
2536,150.1,-35.7,18,529,1369
2537,149.9,-35.9,18,529,1369
2538,150.2,-34.9,18,529,1369
2539,150.5,-35.4,18,529,1369
2540,150.6,-34.9,18,529,1369
2541,150.5,-35,18,529,1369
2545,149.8,-36.1,18,529,1369
2546,150.1,-36.2,18,529,1369
2548,149.9,-36.9,18,529,1369
2549,149.9,-37,18,529,1369
2550,149.7,-36.7,18,529,1369
2551,149.8,-37.3,18,529,1369
2555,150.8,-33.8,18,529,1369
2556,150.9,-33.7,18,529,1369
2557,150.8,-34,18,529,1369
4709,148.4,-23.1,18,529,1369
4357,151.1,-28,19,2671,978
4385,151.1,-28.9,19,2671,978
4390,150.3,-28.2,19,2671,978
4405,150.9,-27.3,19,2671,978
4406,150.1,-27.5,19,2671,978
4408,151.4,-26.9,19,2671,978
4410,151.1,-26.7,19,2671,978
4411,150.8,-27,19,2671,978
4412,150.8,-26.8,19,2671,978
4413,150.6,-26.4,19,2671,978
4415,150.2,-26.6,19,2671,978
4416,149.8,-27,19,2671,978
4417,149.1,-27.3,19,2671,978
4418,150.1,-26.3,19,2671,978
4419,149.8,-26.1,19,2671,978
4420,149.5,-25.4,19,2671,978
4421,150.4,-27.3,19,2671,978
4422,149.7,-27.7,19,2671,978
4423,149.5,-27.4,19,2671,978
4424,150,-26.6,19,2671,978
4425,149.8,-26.6,19,2671,978
4426,149.6,-26.5,19,2671,978
4427,149.4,-26.8,19,2671,978
4428,149.2,-26.4,19,2671,978
4454,148.6,-25.6,19,2671,978
4455,148.7,-26.7,19,2671,978
4461,148.3,-26.7,19,2671,978
4462,148.2,-26.5,19,2671,978
4465,147.9,-26.3,19,2671,978
4467,147.5,-26.2,19,2671,978
4468,147,-26.6,19,2671,978
4470,145.3,-26.6,19,2671,978
4471,145.9,-27.6,19,2671,978
4472,145.1,-24.8,19,2671,978
4474,144.5,-25.7,19,2671,978
4475,145,-26.8,19,2671,978
4477,147.1,-25.4,19,2671,978
4478,146.4,-24.9,19,2671,978
4479,145.4,-26.7,19,2671,978
4480,143.3,-26.2,19,2671,978
4481,141.6,-25.4,19,2671,978
4482,139.3,-25.6,19,2671,978
4486,147.8,-28.6,19,2671,978
4487,148.4,-27.9,19,2671,978
4488,147,-28.1,19,2671,978
4489,145.7,-27.3,19,2671,978
4490,145.6,-28.4,19,2671,978
4491,145.1,-27.9,19,2671,978
4492,143.2,-28.2,19,2671,978
4493,144.6,-28.9,19,2671,978
4494,149.6,-28.1,19,2671,978
4496,149.3,-28.4,19,2671,978
4497,148.8,-28.6,19,2671,978
4498,149.8,-28.4,19,2671,978
4612,151.6,-26,19,2671,978
4613,151.3,-26.3,19,2671,978
4625,151.6,-25.6,19,2671,978
4626,151.1,-25.8,19,2671,978
4627,150.8,-25.4,19,2671,978
4630,151,-24.9,19,2671,978
4715,150.5,-24.4,19,2671,978
4716,150.8,-24.5,19,2671,978
4717,148.9,-23.6,19,2671,978
4718,149.6,-24.7,19,2671,978
4719,150.2,-25,19,2671,978
4720,148.2,-23.7,19,2671,978
4722,147.7,-24.4,19,2671,978
4723,148,-23.1,19,2671,978
4724,146.8,-23.6,19,2671,978
4736,143.1,-24.9,19,2671,978
2584,148.6,-34.7,20,964,2341
2585,148.5,-34.6,20,964,2341
2588,148.3,-34.6,20,964,2341
2590,147.9,-34.7,20,964,2341
2640,147,-36,20,964,2341
2641,146.9,-36,20,964,2341
2642,146.8,-35.8,20,964,2341
2643,146.6,-35.9,20,964,2341
2644,147.4,-35.8,20,964,2341
2645,146.3,-35.3,20,964,2341
2646,146.3,-35.8,20,964,2341
2647,146,-35.9,20,964,2341
2650,147.4,-35.1,20,964,2341
2651,147.5,-35.2,20,964,2341
2652,145.8,-34,20,964,2341
2655,147,-35.2,20,964,2341
2656,146.8,-35.4,20,964,2341
2658,147,-35.5,20,964,2341
2659,146.8,-35.6,20,964,2341
2660,147.1,-35.7,20,964,2341
2661,147.3,-35.2,20,964,2341
2663,147.7,-34.9,20,964,2341
2665,146.8,-34.3,20,964,2341
2666,147.6,-34.5,20,964,2341
2668,147.4,-34.1,20,964,2341
2701,147.2,-34.8,20,964,2341
2702,147,-34.9,20,964,2341
2712,145.9,-35.8,20,964,2341
2721,147.7,-34,20,964,2341
2722,148.1,-35.1,20,964,2341
2725,147.8,-34.4,20,964,2341
2726,148.3,-34.8,20,964,2341
2727,148.4,-35,20,964,2341
2729,147.9,-35.2,20,964,2341
3726,146,-36.3,20,964,2341
3727,146,-36.2,20,964,2341
3728,146,-36.1,20,964,2341
3730,146,-36.1,20,964,2341
3000,145,-37.8,21,504,1516
3002,145,-37.8,21,504,1516
3003,144.9,-37.8,21,504,1516
3005,145,-37.8,21,504,1516
3006,145,-37.8,21,504,1516
3008,145,-37.8,21,504,1516
3010,145,-37.8,21,504,1516
3050,145,-37.8,21,504,1516
3051,144.9,-37.8,21,504,1516
3052,144.9,-37.8,21,504,1516
3053,145,-37.8,21,504,1516
3054,145,-37.8,21,504,1516
3055,144.9,-37.8,21,504,1516
3056,145,-37.8,21,504,1516
3057,145,-37.8,21,504,1516
3065,145,-37.8,21,504,1516
3066,145,-37.8,21,504,1516
3067,145,-37.8,21,504,1516
3068,145,-37.8,21,504,1516
3070,145,-37.8,21,504,1516
3071,145,-37.8,21,504,1516
3072,145,-37.7,21,504,1516
3073,145,-37.7,21,504,1516
3121,145,-37.8,21,504,1516
3141,145,-37.8,21,504,1516
3142,145,-37.8,21,504,1516
3143,145,-37.9,21,504,1516
3181,145,-37.9,21,504,1516
3182,145,-37.9,21,504,1516
3183,145,-37.9,21,504,1516
3184,145,-37.9,21,504,1516
3185,145,-37.9,21,504,1516
3204,145,-37.9,21,504,1516
3205,145,-37.8,21,504,1516
3206,145,-37.8,21,504,1516
3207,144.9,-37.8,21,504,1516
3820,145.9,-38.2,22,320,2404
3821,145.9,-37.9,22,320,2404
3822,146,-38.2,22,320,2404
3823,146.1,-38.2,22,320,2404
3824,146.2,-38.2,22,320,2404
3825,146.3,-38,22,320,2404
3831,146,-38,22,320,2404
3833,146.1,-37.8,22,320,2404
3835,146.2,-38.3,22,320,2404
3840,146.4,-38.2,22,320,2404
3842,146.4,-38.3,22,320,2404
3844,146.6,-38.3,22,320,2404
3847,146.8,-38.2,22,320,2404
3850,147.1,-38.2,22,320,2404
3851,147.2,-38.4,22,320,2404
3852,147.1,-38.1,22,320,2404
3854,146.6,-38.1,22,320,2404
3856,146.7,-38.1,22,320,2404
3857,146.7,-38,22,320,2404
3858,146.6,-37.8,22,320,2404
3859,146.9,-38,22,320,2404
3860,146.8,-37.6,22,320,2404
3862,147.2,-37.6,22,320,2404
3864,147.3,-37.9,22,320,2404
3865,147.5,-37.8,22,320,2404
3869,146.4,-38.4,22,320,2404
3870,146.3,-38.4,22,320,2404
3871,146.2,-38.4,22,320,2404
3873,146.7,-38.3,22,320,2404
3874,146.8,-38.5,22,320,2404
3875,147.6,-37.7,22,320,2404
3878,147.7,-37.9,22,320,2404
3880,147.7,-37.9,22,320,2404
3882,147.8,-37.8,22,320,2404
3885,148.1,-37.3,22,320,2404
3886,148.4,-37.8,22,320,2404
3887,148.1,-37.8,22,320,2404
3888,148.7,-37.4,22,320,2404
3889,148.9,-37.6,22,320,2404
3890,149.2,-37.6,22,320,2404
3891,149.5,-37.6,22,320,2404
3892,149.8,-37.5,22,320,2404
3893,147.9,-37.5,22,320,2404
3895,147.9,-37.4,22,320,2404
3896,147.7,-37.3,22,320,2404
3898,147.5,-37.1,22,320,2404
3900,147.8,-36.9,22,320,2404
3902,147.8,-37.8,22,320,2404
3903,147.9,-37.8,22,320,2404
3904,147.8,-37.9,22,320,2404
3909,148,-37.8,22,320,2404
3921,145.4,-38.4,22,320,2404
3922,145.2,-38.5,22,320,2404
3923,145.3,-38.5,22,320,2404
3945,145.7,-38.4,22,320,2404
3946,145.7,-38.4,22,320,2404
3950,145.8,-38.4,22,320,2404
3951,145.8,-38.5,22,320,2404
3953,146,-38.5,22,320,2404
3954,145.9,-38.6,22,320,2404
3957,146.1,-38.6,22,320,2404
3958,146,-38.7,22,320,2404
3966,146.4,-38.6,22,320,2404
3967,146.5,-38.6,22,320,2404
3971,146.7,-38.6,22,320,2404
3979,145.6,-38.4,22,320,2404
3987,145.7,-38.3,22,320,2404
3988,145.8,-38.3,22,320,2404
3990,145.5,-38.5,22,320,2404
3991,145.5,-38.5,22,320,2404
3992,145.5,-38.6,22,320,2404
7248,147.1,-41.4,23,231,2904
7249,147.2,-41.5,23,231,2904
7250,147.1,-41.4,23,231,2904
7277,147,-41.4,23,231,2904
2575,150.3,-34.3,24,493,2930
2576,150.5,-34.5,24,493,2930
2577,150.4,-34.6,24,493,2930
2578,150.3,-34.7,24,493,2930
2579,150.1,-34.7,24,493,2930
2580,149.7,-34.7,24,493,2930
2581,149.3,-34.8,24,493,2930
2582,148.8,-34.9,24,493,2930
2600,149.1,-35.3,24,493,2930
2601,149.1,-35.3,24,493,2930
2602,149.1,-35.2,24,493,2930
2603,149.1,-35.3,24,493,2930
2604,149.1,-35.3,24,493,2930
2605,149.1,-35.3,24,493,2930
2606,149.1,-35.4,24,493,2930
2607,149.1,-35.4,24,493,2930
2609,149.2,-35.3,24,493,2930
2611,148.8,-35.3,24,493,2930
2612,149.1,-35.3,24,493,2930
2614,149,-35.3,24,493,2930
2615,149,-35.2,24,493,2930
2617,149.1,-35.2,24,493,2930
2618,149,-35.1,24,493,2930
2619,149.2,-35.4,24,493,2930
2620,149.3,-35.3,24,493,2930
2621,149.5,-35.5,24,493,2930
2622,149.8,-35.6,24,493,2930
2623,149.8,-35.6,24,493,2930
2626,149.2,-35.9,24,493,2930
2628,148.8,-36.4,24,493,2930
2630,148.4,-36.4,24,493,2930
2631,149.3,-36.5,24,493,2930
2632,149.2,-37,24,493,2930
2633,148.7,-36.9,24,493,2930
2649,148.1,-35.6,24,493,2930
2653,148,-35.8,24,493,2930
2720,148.4,-35.4,24,493,2930
2730,148,-35.5,24,493,2930
2776,150.6,-33.7,24,493,2930
2778,150.5,-33.7,24,493,2930
2779,150.5,-33.7,24,493,2930
2780,150.4,-33.8,24,493,2930
2782,150.4,-33.7,24,493,2930
2783,150.4,-33.7,24,493,2930
2784,150.4,-33.7,24,493,2930
2785,150.2,-33.7,24,493,2930
2786,150.3,-33.5,24,493,2930
2900,149.1,-35.4,24,493,2930
2902,149,-35.4,24,493,2930
2903,149.1,-35.4,24,493,2930
2904,149.1,-35.4,24,493,2930
2905,149.1,-35.4,24,493,2930
2906,149.1,-35.5,24,493,2930
2911,149.1,-35.2,24,493,2930
2912,149.1,-35.2,24,493,2930
2913,149.1,-35.2,24,493,2930
2914,148.9,-33.2,24,493,2930
3725,145.9,-36.4,24,493,2930
2629,148.8,-36,25,62,5178
3723,146.1,-37.4,25,62,5178
7000,147.3,-42.9,26,113,2723
7001,147.3,-42.9,26,113,2723
7004,147.3,-42.9,26,113,2723
7005,147.4,-42.9,26,113,2723
7007,147.3,-42.9,26,113,2723
7008,147.3,-42.9,26,113,2723
7009,147.3,-42.8,26,113,2723
7010,147.2,-42.9,26,113,2723
7011,147.2,-42.8,26,113,2723
7012,147.2,-42.8,26,113,2723
7015,147.4,-42.8,26,113,2723
7016,147.3,-42.8,26,113,2723
7017,147.3,-42.7,26,113,2723
7018,147.4,-42.9,26,113,2723
7019,147.4,-42.9,26,113,2723
7020,147.5,-43,26,113,2723
7021,147.5,-42.9,26,113,2723
7022,147.4,-43,26,113,2723
7023,147.4,-43,26,113,2723
7024,147.5,-43,26,113,2723
7025,147.4,-42.7,26,113,2723
7026,147.5,-42.6,26,113,2723
7027,147.4,-42.5,26,113,2723
7050,147.3,-43,26,113,2723
7052,147.3,-43,26,113,2723
7053,147.3,-42.9,26,113,2723
7054,147.3,-43,26,113,2723
7055,147.3,-43,26,113,2723
7109,146.5,-43.2,26,113,2723
7112,147.1,-43.3,26,113,2723
7113,147,-43.1,26,113,2723
7116,146.9,-43.2,26,113,2723
7117,147,-43.3,26,113,2723
7139,145.9,-42.7,26,113,2723
7150,147.1,-43.4,26,113,2723
7155,147.2,-43.1,26,113,2723
7162,147.2,-43.2,26,113,2723
7163,147.2,-43.2,26,113,2723
7170,147.4,-42.9,26,113,2723
7171,147.5,-42.8,26,113,2723
7172,147.6,-42.7,26,113,2723
7173,147.6,-42.8,26,113,2723
7174,147.7,-42.8,26,113,2723
7175,147.8,-42.8,26,113,2723
7176,147.8,-42.8,26,113,2723
7177,147.8,-42.9,26,113,2723
7178,147.9,-43,26,113,2723
7179,147.9,-43,26,113,2723
7180,147.9,-43.1,26,113,2723
7182,147.8,-43.2,26,113,2723
7183,147.8,-43.2,26,113,2723
7184,147.7,-43.1,26,113,2723
7185,147.8,-43.1,26,113,2723
7186,147.6,-43,26,113,2723
7187,147.8,-43.1,26,113,2723
7190,147.8,-42.5,26,113,2723
7321,145.4,-41,26,113,2723
7322,145.8,-41,26,113,2723
7325,145.6,-41.1,26,113,2723
7330,144.7,-40.6,26,113,2723
7331,145.3,-40.8,26,113,2723
7467,145.5,-42.1,26,113,2723
7468,145.4,-42.1,26,113,2723
7469,145.2,-41.8,26,113,2723
7470,145.5,-41.9,26,113,2723
2648,141.9,-33.5,27,1310,1653
2669,146.7,-33.8,27,1310,1653
2680,145.9,-34.3,27,1310,1653
2681,146.1,-34.1,27,1310,1653
2700,146.3,-34.9,27,1310,1653
2703,146.4,-34.6,27,1310,1653
2705,146.4,-34.5,27,1310,1653
2706,145.9,-34.6,27,1310,1653
2707,145.8,-34.8,27,1310,1653
2710,145,-35.4,27,1310,1653
2711,144.7,-34.3,27,1310,1653
2713,145.5,-35.6,27,1310,1653
2714,145.4,-35.8,27,1310,1653
2715,143.5,-34.3,27,1310,1653
2716,145.6,-35.2,27,1310,1653
2717,142.1,-34.1,27,1310,1653
2731,144.6,-35.9,27,1310,1653
2732,144.2,-35.5,27,1310,1653
2733,144.2,-35,27,1310,1653
2734,143.4,-34.8,27,1310,1653
2735,143.4,-35.1,27,1310,1653
2736,143.4,-35,27,1310,1653
2737,142.9,-34.6,27,1310,1653
2738,142.2,-34.2,27,1310,1653
2739,142.2,-34.2,27,1310,1653
3391,142.4,-36.1,27,1310,1653
3392,142.7,-36.4,27,1310,1653
3393,142.4,-36.3,27,1310,1653
3395,142.4,-35.9,27,1310,1653
3396,142.3,-35.7,27,1310,1653
3399,142.4,-36.6,27,1310,1653
3400,142.2,-36.7,27,1310,1653
3401,141.9,-36.9,27,1310,1653
3407,141.9,-37.3,27,1310,1653
3409,141.9,-36.7,27,1310,1653
3412,141.4,-36.7,27,1310,1653
3414,142.1,-36.4,27,1310,1653
3415,141.3,-36.4,27,1310,1653
3418,141.5,-36.1,27,1310,1653
3419,141.1,-36.2,27,1310,1653
3423,141.9,-36.1,27,1310,1653
3424,141.9,-35.7,27,1310,1653
3482,142.8,-36.2,27,1310,1653
3483,142.9,-35.9,27,1310,1653
3485,142.7,-35.7,27,1310,1653
3487,142.6,-35.5,27,1310,1653
3488,142.4,-35.4,27,1310,1653
3489,142.4,-35.3,27,1310,1653
3490,142.2,-34.9,27,1310,1653
3491,142.2,-35.4,27,1310,1653
3494,142.3,-34.5,27,1310,1653
3496,141.4,-34.6,27,1310,1653
3498,142.2,-34.2,27,1310,1653
3500,142.4,-34.3,27,1310,1653
3501,142.1,-34.2,27,1310,1653
3505,142,-34.2,27,1310,1653
3506,141.4,-35.2,27,1310,1653
3507,142,-35.1,27,1310,1653
3509,141.7,-35.2,27,1310,1653
3512,141.1,-35.4,27,1310,1653
3515,144.1,-36.7,27,1310,1653
3520,143.8,-36.4,27,1310,1653
3527,143.2,-36.1,27,1310,1653
3529,143.2,-35.8,27,1310,1653
3530,143.2,-35.7,27,1310,1653
3531,142.9,-35.6,27,1310,1653
3533,142.8,-35.4,27,1310,1653
3537,143.7,-36.1,27,1310,1653
3540,143.5,-35.9,27,1310,1653
3542,143.4,-35.7,27,1310,1653
3544,143.1,-35.5,27,1310,1653
3546,142.9,-35.1,27,1310,1653
3549,142.8,-34.8,27,1310,1653
3563,144.5,-36.3,27,1310,1653
3567,144.3,-35.9,27,1310,1653
3568,144.2,-35.8,27,1310,1653
3573,144.3,-36.2,27,1310,1653
3576,143.9,-36.1,27,1310,1653
3579,143.8,-35.8,27,1310,1653
3580,144.1,-35.6,27,1310,1653
3581,143.8,-35.6,27,1310,1653
3583,143.7,-35.5,27,1310,1653
3584,143.6,-35.4,27,1310,1653
3585,143.3,-35.3,27,1310,1653
3588,143.5,-35.3,27,1310,1653
3589,143.4,-35.2,27,1310,1653
3590,143.5,-35.2,27,1310,1653
3591,143.4,-35.2,27,1310,1653
3594,143.3,-35.1,27,1310,1653
3595,143.4,-35.2,27,1310,1653
3596,143.3,-35.1,27,1310,1653
3597,143.2,-35,27,1310,1653
3599,143.1,-34.7,27,1310,1653
5238,139.5,-34.9,27,1310,1653
5267,140.3,-36.1,27,1310,1653
5268,140.8,-36.2,27,1310,1653
5269,140.9,-36.3,27,1310,1653
5301,140,-35.4,27,1310,1653
5302,140.3,-35.6,27,1310,1653
5303,140.7,-35.2,27,1310,1653
5304,140.7,-35.6,27,1310,1653
5306,139.7,-35.1,27,1310,1653
5307,140.2,-35,27,1310,1653
5308,140.1,-34.6,27,1310,1653
5309,140.1,-34.9,27,1310,1653
5310,140.4,-34.8,27,1310,1653
5311,140.8,-34.7,27,1310,1653
5312,140.5,-34.6,27,1310,1653
5320,139.5,-34,27,1310,1653
5321,139.8,-34.1,27,1310,1653
5322,140,-34.2,27,1310,1653
5330,140,-33.9,27,1310,1653
5331,140.3,-34.2,27,1310,1653
5332,140.3,-34.3,27,1310,1653
5333,140.6,-34.5,27,1310,1653
5340,140.8,-34.2,27,1310,1653
5341,140.8,-33.7,27,1310,1653
5342,140.6,-34.2,27,1310,1653
5343,140.6,-34.3,27,1310,1653
5344,140.5,-34.3,27,1310,1653
5345,140.5,-34.2,27,1310,1653
5346,140.4,-34.3,27,1310,1653
5353,139.3,-34.6,27,1310,1653
5354,139.7,-34.5,27,1310,1653
5357,139.5,-34.3,27,1310,1653
5381,139.1,-34,27,1310,1653
5418,139.1,-33.4,27,1310,1653
5419,138.9,-33.4,27,1310,1653
5420,139,-33.3,27,1310,1653
5421,139,-33.1,27,1310,1653
5480,138.3,-33.1,27,1310,1653
5481,138.2,-33,27,1310,1653
5482,138.4,-32.8,27,1310,1653
5483,138.1,-32.9,27,1310,1653
5485,138.2,-32.5,27,1310,1653
5490,138.5,-33.2,27,1310,1653
5491,138.6,-33.2,27,1310,1653
5493,138.7,-33,27,1310,1653
5495,137.9,-32.9,27,1310,1653
5501,138.5,-34.6,27,1310,1653
5502,138.6,-34.5,27,1310,1653
5510,138.2,-33.9,27,1310,1653
5520,138.1,-33.8,27,1310,1653
5521,138.2,-33.6,27,1310,1653
5522,138,-33.6,27,1310,1653
5523,138.2,-33.4,27,1310,1653
5540,138.1,-33.2,27,1310,1653
5550,138.2,-34.1,27,1310,1653
5552,137.9,-34.1,27,1310,1653
5554,137.8,-33.9,27,1310,1653
5555,137.8,-33.8,27,1310,1653
5556,137.6,-34,27,1310,1653
2145,151,-33.8,28,942,1444
2146,151,-33.8,28,942,1444
2147,150.9,-33.8,28,942,1444
2148,150.9,-33.8,28,942,1444
2155,150.9,-33.7,28,942,1444
2156,151,-33.7,28,942,1444
2157,151,-33.6,28,942,1444
2158,151,-33.7,28,942,1444
2159,151.1,-33.5,28,942,1444
2164,150.9,-33.8,28,942,1444
2165,150.9,-33.9,28,942,1444
2166,150.9,-33.9,28,942,1444
2167,150.9,-34,28,942,1444
2168,150.9,-33.9,28,942,1444
2170,150.9,-33.9,28,942,1444
2171,150.8,-33.9,28,942,1444
2172,151,-33.9,28,942,1444
2173,150.9,-34.1,28,942,1444
2174,150.9,-34,28,942,1444
2175,150.9,-33.8,28,942,1444
2176,150.9,-33.9,28,942,1444
2177,150.9,-33.9,28,942,1444
2178,150.8,-33.9,28,942,1444
2179,150.8,-34,28,942,1444
2311,151.5,-32.3,28,942,1444
2320,151.5,-32.7,28,942,1444
2321,151.5,-32.8,28,942,1444
2322,151.7,-32.8,28,942,1444
2323,151.6,-32.8,28,942,1444
2325,151.3,-33,28,942,1444
2326,151.5,-32.8,28,942,1444
2327,151.5,-32.8,28,942,1444
2330,151,-32.8,28,942,1444
2331,151.2,-32.6,28,942,1444
2334,151.4,-32.7,28,942,1444
2335,151.3,-32.6,28,942,1444
2415,151.9,-32.3,28,942,1444
2420,151.7,-32.2,28,942,1444
2421,151.5,-32.6,28,942,1444
2422,151.9,-32,28,942,1444
2424,152,-31.6,28,942,1444
2425,152,-32.4,28,942,1444
2558,150.8,-34,28,942,1444
2559,150.8,-34.1,28,942,1444
2560,150.8,-34.2,28,942,1444
2563,150.7,-34.1,28,942,1444
2564,150.9,-34,28,942,1444
2565,150.8,-34,28,942,1444
2566,150.8,-34,28,942,1444
2567,150.8,-34.1,28,942,1444
2568,150.7,-34.1,28,942,1444
2569,150.7,-34.2,28,942,1444
2570,150.5,-34,28,942,1444
2571,150.5,-34.2,28,942,1444
2572,150.6,-34.2,28,942,1444
2573,150.6,-34.2,28,942,1444
2574,150.6,-34.3,28,942,1444
2745,150.7,-33.9,28,942,1444
2747,150.7,-33.7,28,942,1444
2748,150.7,-33.8,28,942,1444
2749,150.7,-33.7,28,942,1444
2750,150.7,-33.8,28,942,1444
2752,150.6,-33.9,28,942,1444
2753,150.6,-33.6,28,942,1444
2754,150.7,-33.6,28,942,1444
2755,150.8,-33.6,28,942,1444
2756,150.9,-33.5,28,942,1444
2757,150.7,-33.6,28,942,1444
2758,150.6,-33.5,28,942,1444
2759,150.8,-33.8,28,942,1444
2760,150.8,-33.8,28,942,1444
2761,150.8,-33.7,28,942,1444
2762,150.9,-33.7,28,942,1444
2763,150.9,-33.7,28,942,1444
2765,150.9,-33.7,28,942,1444
2766,150.9,-33.8,28,942,1444
2767,150.9,-33.8,28,942,1444
2768,150.9,-33.8,28,942,1444
2770,150.8,-33.8,28,942,1444
2773,150.6,-33.8,28,942,1444
2774,150.6,-33.7,28,942,1444
2775,150.9,-33.3,28,942,1444
2777,150.6,-33.7,28,942,1444
4830,138.9,-18,29,4585,2
4871,139.4,-16.6,29,4585,2
4874,142.3,-12.5,29,4585,2
4876,142.5,-11.3,29,4585,2
4890,139.6,-17.1,29,4585,2
4891,140.9,-17.4,29,4585,2
886,132.6,-13.1,30,5976,10
6728,124.6,-17.1,30,5976,10
6733,123.8,-16.1,30,5976,10
6740,126.7,-15.2,30,5976,10
6743,128.9,-17.2,30,5976,10
6798,105.6,-10.5,31,4354,0
6799,96.8,-12.1,31,4354,0
4849,146,-18.3,32,3228,7
4850,145.8,-18.6,32,3228,7
4852,146.1,-17.9,32,3228,7
4854,145.8,-18,32,3228,7
4855,146,-17.8,32,3228,7
4856,145.9,-17.7,32,3228,7
4857,146.1,-17.7,32,3228,7
4858,146.1,-17.6,32,3228,7
4859,146,-17.6,32,3228,7
4860,145.9,-17.5,32,3228,7
4861,145.9,-17.4,32,3228,7
4865,145.8,-17.1,32,3228,7
4868,145.7,-17,32,3228,7
4869,145.7,-17,32,3228,7
4870,145.7,-16.9,32,3228,7
4872,145.2,-18,32,3228,7
4873,145.3,-16.2,32,3228,7
4877,145.5,-16.5,32,3228,7
4878,145.7,-16.8,32,3228,7
4879,145.7,-16.8,32,3228,7
4880,145.4,-17,32,3228,7
4881,145.6,-16.8,32,3228,7
4882,145.5,-17.2,32,3228,7
4883,145.5,-17.3,32,3228,7
4887,145.4,-17.4,32,3228,7
4888,145.5,-17.5,32,3228,7
4895,145.1,-15.4,32,3228,7
6725,122.8,-18.8,33,4881,90
6726,122.2,-18,33,4881,90
6707,114,-22.3,34,3362,159
4706,149.7,-22.6,35,2391,91
4707,149.2,-22.5,35,2391,91
4737,149.2,-21.4,35,2391,91
4738,149.3,-21.6,35,2391,91
4739,149.4,-21.9,35,2391,91
4740,149.1,-21.3,35,2391,91
4741,148.7,-20.8,35,2391,91
4743,147.9,-21.5,35,2391,91
4750,149.2,-21,35,2391,91
4753,149,-21.2,35,2391,91
4754,148.8,-21.2,35,2391,91
4756,148.6,-21.1,35,2391,91
4757,148.5,-21.1,35,2391,91
4798,148.7,-20.9,35,2391,91
4799,148.6,-20.7,35,2391,91
4800,148.5,-20.5,35,2391,91
4801,148.9,-20.1,35,2391,91
4802,148.7,-20.3,35,2391,91
4803,149,-20.4,35,2391,91
4884,145.6,-17.3,35,2391,91
4885,145.6,-17.4,35,2391,91
4886,145.6,-17.5,35,2391,91
4621,152,-25.5,36,2220,47
4650,152.8,-25.6,36,2220,47
4655,152.8,-25.3,36,2220,47
4659,152.6,-25.3,36,2220,47
4660,152.3,-25.2,36,2220,47
4662,152.6,-25.3,36,2220,47
4670,152.1,-24.6,36,2220,47
4671,151.8,-25.1,36,2220,47
4673,152.1,-24.7,36,2220,47
4674,151.9,-24.7,36,2220,47
4676,151.6,-24.6,36,2220,47
4677,151.7,-24.3,36,2220,47
4678,151.6,-24.1,36,2220,47
4680,151.1,-24.2,36,2220,47
4694,151.1,-23.8,36,2220,47
4695,151,-23.8,36,2220,47
847,131.8,-14,37,4676,85
850,132.4,-14.2,37,4676,85
851,132.4,-14.2,37,4676,85
852,129.2,-14.9,37,4676,85
853,132.4,-14.6,37,4676,85
854,136.4,-16.5,37,4676,85
862,134.5,-18.3,37,4676,85
6765,125.3,-18.8,37,4676,85
6770,127.3,-18.7,37,4676,85
860,134.2,-19.6,38,4205,126
861,134.2,-19.6,38,4205,126
4820,146.3,-20.4,39,3951,323
4821,144.2,-20.8,39,3951,323
4822,143.2,-20.8,39,3951,323
4823,141.2,-19.2,39,3951,323
4824,140.7,-20.8,39,3951,323
4825,139.2,-21.6,39,3951,323
4828,138.4,-19.5,39,3951,323
4829,140.2,-23.3,39,3951,323
6642,118.6,-25.6,40,3659,739
6716,116.3,-21.6,40,3659,739
6751,117.1,-22.1,40,3659,739
6753,119.7,-23.2,40,3659,739
6754,117.5,-23.3,40,3659,739
6758,120.3,-22.1,40,3659,739
6761,120.5,-20.4,40,3659,739
6762,122.2,-21.7,40,3659,739
6438,121.1,-28.9,41,3241,728
6440,125.7,-26.2,41,3241,728
6646,121.2,-25.9,41,3241,728
6760,124.4,-22,41,3241,728
6431,122.7,-30.4,42,3024,697
6436,124.9,-29.6,42,3024,697
6437,120.5,-27.7,42,3024,697
6468,117.1,-30.2,42,3024,697
6470,117.3,-30.5,42,3024,697
6472,117.8,-30.3,42,3024,697
6517,115.8,-29.7,42,3024,697
6519,115.6,-29.5,42,3024,697
6522,115.5,-29.1,42,3024,697
6609,116.8,-30.3,42,3024,697
6612,117.8,-29.5,42,3024,697
6613,116.5,-30,42,3024,697
6614,116.6,-29.9,42,3024,697
6616,116.4,-29.8,42,3024,697
6620,116.7,-29.3,42,3024,697
6623,116.1,-29,42,3024,697
6625,115.9,-29.1,42,3024,697
6627,115.9,-28.9,42,3024,697
6628,115.8,-28.8,42,3024,697
6630,115.7,-27.6,42,3024,697
6631,115.8,-28.5,42,3024,697
6632,115.3,-28.6,42,3024,697
6635,116.7,-28.2,42,3024,697
6638,118.2,-28.6,42,3024,697
6639,119.4,-27.7,42,3024,697
6640,117.7,-27,42,3024,697
6705,115,-25.1,42,3024,697
5723,135.1,-28.5,43,3207,756
5724,133.4,-27.2,43,3207,756
5730,138.6,-31.1,43,3207,756
5731,139.7,-29.8,43,3207,756
5732,139.1,-30.8,43,3207,756
5733,138,-29.4,43,3207,756
5734,135.1,-27.1,43,3207,756
6302,116.7,-31.9,44,1512,1330
6304,116.8,-32.2,44,1512,1330
6306,117.1,-32.3,44,1512,1330
6308,116.7,-32.6,44,1512,1330
6309,117.1,-32.7,44,1512,1330
6311,117.1,-32.8,44,1512,1330
6353,118.5,-33.1,44,1512,1330
6355,119.1,-33,44,1512,1330
6356,119.7,-33.1,44,1512,1330
6357,118.7,-32.8,44,1512,1330
6358,118.7,-32.5,44,1512,1330
6359,119.3,-32.4,44,1512,1330
6363,118,-32.9,44,1512,1330
6365,118.3,-32.7,44,1512,1330
6367,118.4,-32.4,44,1512,1330
6368,118.3,-32.2,44,1512,1330
6369,118.8,-32,44,1512,1330
6370,117.6,-32.8,44,1512,1330
6372,117.7,-32.6,44,1512,1330
6373,117.8,-32.5,44,1512,1330
6375,117.9,-32.3,44,1512,1330
6383,117.4,-32,44,1512,1330
6384,117.7,-32,44,1512,1330
6385,117.7,-31.9,44,1512,1330
6386,117.8,-32,44,1512,1330
6401,116.7,-31.6,44,1512,1330
6403,116.8,-31.6,44,1512,1330
6405,117,-31.6,44,1512,1330
6407,117.2,-31.7,44,1512,1330
6409,117.5,-31.6,44,1512,1330
6410,117.7,-31.6,44,1512,1330
6411,117.9,-31.6,44,1512,1330
6412,118,-31.6,44,1512,1330
6413,118.1,-31.6,44,1512,1330
6414,118.2,-31.5,44,1512,1330
6415,118.3,-31.5,44,1512,1330
6418,118.2,-31.9,44,1512,1330
6419,118.1,-32,44,1512,1330
6420,118.7,-31.7,44,1512,1330
6421,118.5,-31.3,44,1512,1330
6422,118.6,-31.4,44,1512,1330
6423,118.7,-31.2,44,1512,1330
6424,118.9,-31.3,44,1512,1330
6425,119.1,-31.4,44,1512,1330
6426,119.3,-30.4,44,1512,1330
6427,119.5,-30.9,44,1512,1330
6428,118,-32.1,44,1512,1330
6429,120.9,-30.9,44,1512,1330
6430,121.4,-30.6,44,1512,1330
6432,121.5,-30.9,44,1512,1330
6442,122,-31.3,44,1512,1330
6460,116.8,-31.3,44,1512,1330
6461,117.1,-31.1,44,1512,1330
6462,117.2,-31.1,44,1512,1330
6463,117.2,-31.1,44,1512,1330
6465,117.1,-30.9,44,1512,1330
6466,117.1,-30.7,44,1512,1330
6467,117.2,-30.6,44,1512,1330
6473,118.1,-30.5,44,1512,1330
6475,117.4,-30.6,44,1512,1330
6476,117.7,-30.8,44,1512,1330
6477,117.9,-30.8,44,1512,1330
6479,118.4,-30.7,44,1512,1330
6480,118.2,-31.3,44,1512,1330
6484,119.1,-31,44,1512,1330
6485,117.4,-31.2,44,1512,1330
6487,117.7,-31.2,44,1512,1330
6488,117.7,-31.1,44,1512,1330
6489,117.9,-31.1,44,1512,1330
6490,118.1,-31.2,44,1512,1330
6502,116.2,-31.3,44,1512,1330
6507,115.7,-30.7,44,1512,1330
6509,116.3,-30.9,44,1512,1330
6510,116.1,-30.7,44,1512,1330
6512,116.1,-30.4,44,1512,1330
6513,116.1,-30.3,44,1512,1330
6514,115.1,-30,44,1512,1330
6521,115.6,-30.3,44,1512,1330
6564,116.5,-31.7,44,1512,1330
6566,116.4,-31.5,44,1512,1330
6567,116.2,-31.6,44,1512,1330
6568,116.5,-31.2,44,1512,1330
6569,116.5,-31.1,44,1512,1330
6571,116.4,-30.9,44,1512,1330
6572,116.4,-30.8,44,1512,1330
6574,116.4,-30.7,44,1512,1330
6575,116.4,-30.4,44,1512,1330
6603,116.7,-30.9,44,1512,1330
6605,116.8,-30.7,44,1512,1330
6606,116.8,-30.6,44,1512,1330
6608,116.8,-30.4,44,1512,1330
5422,138.8,-33,45,1935,1102
5433,138.1,-32.2,45,1935,1102
5434,138.7,-31.6,45,1935,1102
5440,140,-32.3,45,1935,1102
5650,135.7,-33.2,45,1935,1102
5651,135.5,-33.2,45,1935,1102
5652,135.2,-33.1,45,1935,1102
5653,135.2,-33,45,1935,1102
5654,135,-32.8,45,1935,1102
5655,134.8,-32.7,45,1935,1102
5660,134.7,-32.5,45,1935,1102
5700,137.7,-32.7,45,1935,1102
5710,134.4,-27.5,45,1935,1102
5720,136.1,-30.5,45,1935,1102
5722,137.2,-30.8,45,1935,1102
5725,136.7,-30.4,45,1935,1102
2672,146.4,-33.2,46,2031,1255
2675,145.5,-33.5,46,2031,1255
2831,146.6,-31.9,46,2031,1255
2835,145.4,-31.6,46,2031,1255
2836,143.3,-31.5,46,2031,1255
2839,146.9,-29.8,46,2031,1255
2840,145.3,-30.2,46,2031,1255
2877,146.1,-32.8,46,2031,1255
2878,144.5,-32.8,46,2031,1255
2879,142.7,-32.4,46,2031,1255
2880,142.2,-30.2,46,2031,1255
6070,116.1,-31.9,47,845,1688
6071,116.1,-31.9,47,845,1688
6072,116.1,-31.9,47,845,1688
6073,116.3,-31.9,47,845,1688
6074,116.2,-31.9,47,845,1688
6076,116.2,-32.1,47,845,1688
6081,116.2,-31.9,47,845,1688
6082,116.2,-31.9,47,845,1688
6083,116.3,-31.6,47,845,1688
6084,116.1,-31.6,47,845,1688
6112,116,-32.2,47,845,1688
6124,116.1,-32.3,47,845,1688
6207,116,-32.5,47,845,1688
6213,116.1,-32.7,47,845,1688
6215,115.9,-32.9,47,845,1688
6218,115.9,-32.9,47,845,1688
6220,116,-33,47,845,1688
6224,115.8,-33.2,47,845,1688
6226,115.8,-33.3,47,845,1688
6227,115.9,-33.3,47,845,1688
6556,116.3,-31.9,47,845,1688
6558,116.3,-31.8,47,845,1688
6560,116.4,-31.8,47,845,1688
6562,116.5,-31.7,47,845,1688
2343,150.4,-31.5,48,1285,1905
2357,149.3,-31.2,48,1285,1905
2360,151.2,-29.6,48,1285,1905
2379,149.8,-31.1,48,1285,1905
2395,149.4,-31.6,48,1285,1905
2396,149,-30.8,48,1285,1905
2671,147.3,-33.8,48,1285,1905
2794,148.7,-33.9,48,1285,1905
2804,148.6,-33.5,48,1285,1905
2805,148.4,-33.6,48,1285,1905
2806,148.4,-33.4,48,1285,1905
2809,148.4,-34,48,1285,1905
2810,148.1,-33.9,48,1285,1905
2820,149,-32.6,48,1285,1905
2821,148.1,-32.3,48,1285,1905
2823,147.8,-32.1,48,1285,1905
2824,147.8,-31.4,48,1285,1905
2825,147.3,-31.9,48,1285,1905
2827,148.6,-31.6,48,1285,1905
2828,148.6,-31.3,48,1285,1905
2829,148.3,-30.8,48,1285,1905
2830,148.7,-32.2,48,1285,1905
2842,149.1,-31.7,48,1285,1905
2843,149.7,-31.8,48,1285,1905
2844,149.3,-31.9,48,1285,1905
2852,149.5,-32.3,48,1285,1905
2864,148.7,-33.3,48,1285,1905
2868,148.6,-32.7,48,1285,1905
2869,148.3,-32.6,48,1285,1905
2870,148.2,-33,48,1285,1905
2871,147.8,-33.5,48,1285,1905
2873,147.3,-32.3,48,1285,1905
2874,147.5,-32.6,48,1285,1905
2875,147.6,-32.9,48,1285,1905
2876,147.8,-33.2,48,1285,1905
6244,116.5,-33.8,49,774,1869
6312,117.3,-33,49,774,1869
6313,117.2,-33.1,49,774,1869
6315,117.3,-33.3,49,774,1869
6316,117.4,-33.5,49,774,1869
6317,117.7,-33.6,49,774,1869
6318,117.7,-33.9,49,774,1869
6320,117.7,-34.1,49,774,1869
6321,117.4,-34.3,49,774,1869
6322,117.5,-34.4,49,774,1869
6324,117.8,-34.6,49,774,1869
6326,117.8,-34.8,49,774,1869
6335,118.1,-33.9,49,774,1869
6336,118.6,-33.9,49,774,1869
6341,118.2,-33.5,49,774,1869
6343,118.8,-33.5,49,774,1869
6350,117.8,-33.3,49,774,1869
6351,117.9,-33.2,49,774,1869
6352,118.1,-33.2,49,774,1869
6361,117.8,-33,49,774,1869
6390,116.4,-32.8,49,774,1869
6391,116.8,-33.1,49,774,1869
6392,116.6,-33.4,49,774,1869
6393,116.9,-33.5,49,774,1869
6394,117,-33.8,49,774,1869
6395,117.1,-33.9,49,774,1869
6396,117.1,-34.4,49,774,1869
4344,152.1,-27.6,50,1279,1358
4347,152.1,-27.7,50,1279,1358
4350,151.9,-27.6,50,1279,1358
4352,151.1,-27,50,1279,1358
4353,151.9,-27.2,50,1279,1358
4354,151.9,-27.3,50,1279,1358
4355,152,-27.2,50,1279,1358
4356,151.6,-27.7,50,1279,1358
4358,151.9,-27.7,50,1279,1358
4359,152,-27.8,50,1279,1358
4360,151.9,-27.9,50,1279,1358
4361,151.9,-28,50,1279,1358
4362,151.8,-28.1,50,1279,1358
4363,151.7,-27.7,50,1279,1358
4364,151.4,-27.7,50,1279,1358
4365,151.6,-28,50,1279,1358
4373,152.3,-28.3,50,1279,1358
4374,151.7,-28.5,50,1279,1358
4375,151.9,-28.5,50,1279,1358
4376,151.9,-28.6,50,1279,1358
4377,151.9,-28.6,50,1279,1358
4381,151.8,-28.7,50,1279,1358
4382,151.8,-28.8,50,1279,1358
4383,151.9,-28.9,50,1279,1358
4384,151.2,-28.7,50,1279,1358
4387,151,-28.3,50,1279,1358
4388,150.6,-28.5,50,1279,1358
4400,151.9,-27.5,50,1279,1358
4401,151.7,-27.5,50,1279,1358
4402,151.8,-27,50,1279,1358
4403,151.6,-27.3,50,1279,1358
4404,151.5,-27.3,50,1279,1358
4407,151,-27.6,50,1279,1358
4601,152,-26.1,50,1279,1358
4605,151.9,-26.1,50,1279,1358
4606,151.8,-26.3,50,1279,1358
4608,151.7,-26.4,50,1279,1358
4610,151.5,-26.6,50,1279,1358
4611,151.8,-26.2,50,1279,1358
4614,152,-26.8,50,1279,1358
4615,152,-26.7,50,1279,1358
4620,152.3,-25.6,50,1279,1358
6434,125.7,-30.8,51,1338,1441
6010,115.8,-32,52,918,624
6011,115.8,-32,52,918,624
6012,115.8,-32,52,918,624
6015,115.8,-31.9,52,918,624
6019,115.8,-31.9,52,918,624
6020,115.8,-31.9,52,918,624
6025,115.8,-31.8,52,918,624
6027,115.8,-31.8,52,918,624
6028,115.7,-31.7,52,918,624
6029,115.8,-31.9,52,918,624
6030,115.7,-31.7,52,918,624
6032,115.7,-31.6,52,918,624
6034,115.7,-31.6,52,918,624
6037,115.6,-31.5,52,918,624
6041,115.6,-31.4,52,918,624
6042,115.5,-31.3,52,918,624
6044,115.4,-31,52,918,624
6158,115.8,-32,52,918,624
6159,115.8,-32,52,918,624
6160,115.8,-32.1,52,918,624
6161,115.5,-32,52,918,624
6162,115.8,-32.1,52,918,624
6163,115.8,-32.1,52,918,624
6503,115.8,-31.2,52,918,624
6907,115.8,-32,52,918,624
5220,137.2,-35.7,53,867,1392
5221,137.7,-35.8,53,867,1392
5223,137.5,-35.8,53,867,1392
5558,137.6,-34.1,53,867,1392
5560,138,-33.9,53,867,1392
5570,138,-34.3,53,867,1392
5571,137.8,-34.5,53,867,1392
5572,137.8,-34.2,53,867,1392
5573,137.4,-34.5,53,867,1392
5575,137.5,-34.8,53,867,1392
5576,137.6,-35.1,53,867,1392
5577,137.3,-35,53,867,1392
5580,137.7,-34.7,53,867,1392
5630,135.6,-34.4,53,867,1392
5631,135.7,-34.3,53,867,1392
5632,135.6,-34.1,53,867,1392
5633,135.6,-33.4,53,867,1392
5640,136.4,-33.6,53,867,1392
5641,136.3,-33.1,53,867,1392
5642,136.1,-33.6,53,867,1392
5661,134.5,-32.4,53,867,1392
5670,134.2,-34,53,867,1392
5671,134.5,-33.1,53,867,1392
5680,133.6,-32.5,53,867,1392
5690,132.3,-31.9,53,867,1392
6165,115.8,-32.2,54,946,785
6166,115.8,-32.2,54,946,785
6167,115.8,-32.2,54,946,785
6168,115.7,-32.2,54,946,785
6169,115.8,-32.3,54,946,785
6170,115.8,-32.3,54,946,785
6171,115.8,-32.3,54,946,785
6172,115.7,-32.4,54,946,785
6173,115.8,-32.4,54,946,785
6174,115.8,-32.4,54,946,785
6175,115.8,-32.4,54,946,785
6176,115.8,-32.4,54,946,785
6208,115.8,-32.6,54,946,785
6210,115.7,-32.6,54,946,785
6214,115.9,-32.8,54,946,785
6228,115.8,-33.3,54,946,785
6229,115.7,-33.4,54,946,785
6230,115.6,-33.3,54,946,785
6232,115.7,-33.3,54,946,785
6233,115.8,-33.2,54,946,785
6271,115.6,-33.6,54,946,785
6443,123.7,-32.4,55,360,1122
6445,121.6,-33,55,360,1122
6446,121.7,-33.2,55,360,1122
6447,121.7,-33.5,55,360,1122
6448,121.8,-33.7,55,360,1122
6450,122.2,-33.4,55,360,1122
6452,123.9,-33.6,55,360,1122
1363,151.2,-33.9,56,676,706
1639,151.2,-33.7,56,676,706
2006,151.2,-33.9,56,676,706
2009,151.2,-33.9,56,676,706
2015,151.2,-33.9,56,676,706
2016,151.2,-33.9,56,676,706
2017,151.2,-33.9,56,676,706
2018,151.2,-33.9,56,676,706
2019,151.2,-33.9,56,676,706
2020,151.2,-33.9,56,676,706
2021,151.2,-33.9,56,676,706
2022,151.2,-33.9,56,676,706
2023,151.3,-33.9,56,676,706
2024,151.3,-33.9,56,676,706
2025,151.2,-33.9,56,676,706
2026,151.3,-33.9,56,676,706
2027,151.2,-33.9,56,676,706
2028,151.2,-33.9,56,676,706
2029,151.3,-33.9,56,676,706
2030,151.3,-33.9,56,676,706
2031,151.2,-33.9,56,676,706
2032,151.2,-33.9,56,676,706
2033,151.2,-33.9,56,676,706
2034,151.3,-33.9,56,676,706
2035,151.2,-33.9,56,676,706
2036,151.2,-34,56,676,706
2037,151.2,-33.9,56,676,706
2038,151.2,-33.9,56,676,706
2039,151.2,-33.8,56,676,706
2040,151.2,-33.9,56,676,706
2041,151.2,-33.9,56,676,706
2042,151.2,-33.9,56,676,706
2043,151.2,-33.9,56,676,706
2044,151.2,-33.9,56,676,706
2045,151.1,-33.9,56,676,706
2046,151.1,-33.9,56,676,706
2047,151.2,-33.9,56,676,706
2048,151.2,-33.9,56,676,706
2049,151.2,-33.9,56,676,706
2050,151.2,-33.9,56,676,706
2052,151.2,-33.9,56,676,706
2062,151.2,-33.8,56,676,706
2063,151.2,-33.8,56,676,706
2064,151.2,-33.8,56,676,706
2065,151.2,-33.8,56,676,706
2066,151.2,-33.8,56,676,706
2067,151.2,-33.8,56,676,706
2068,151.2,-33.8,56,676,706
2069,151.2,-33.8,56,676,706
2070,151.2,-33.8,56,676,706
2071,151.2,-33.8,56,676,706
2072,151.2,-33.8,56,676,706
2073,151.1,-33.8,56,676,706
2074,151.1,-33.7,56,676,706
2075,151.2,-33.7,56,676,706
2076,151.1,-33.7,56,676,706
2077,151.1,-33.7,56,676,706
2079,151.1,-33.7,56,676,706
2080,151.1,-33.7,56,676,706
2081,151.2,-33.6,56,676,706
2082,151.2,-33.6,56,676,706
2083,151.2,-33.5,56,676,706
2084,151.2,-33.7,56,676,706
2085,151.2,-33.7,56,676,706
2086,151.2,-33.8,56,676,706
2087,151.2,-33.8,56,676,706
2088,151.2,-33.8,56,676,706
2089,151.2,-33.8,56,676,706
2090,151.2,-33.8,56,676,706
2092,151.2,-33.8,56,676,706
2093,151.3,-33.8,56,676,706
2094,151.3,-33.8,56,676,706
2095,151.3,-33.8,56,676,706
2096,151.3,-33.8,56,676,706
2097,151.3,-33.7,56,676,706
2099,151.3,-33.7,56,676,706
2100,151.3,-33.8,56,676,706
2101,151.3,-33.7,56,676,706
2102,151.3,-33.7,56,676,706
2103,151.3,-33.7,56,676,706
2104,151.3,-33.7,56,676,706
2105,151.3,-33.6,56,676,706
2106,151.3,-33.7,56,676,706
2107,151.3,-33.6,56,676,706
2108,151.3,-33.6,56,676,706
2109,151.1,-33.8,56,676,706
2110,151.1,-33.8,56,676,706
2111,151.1,-33.8,56,676,706
2112,151.1,-33.8,56,676,706
2113,151.1,-33.8,56,676,706
2114,151.1,-33.8,56,676,706
2115,151.1,-33.8,56,676,706
2116,151,-33.8,56,676,706
2117,151,-33.8,56,676,706
2118,151,-33.8,56,676,706
2119,151.1,-33.8,56,676,706
2120,151.1,-33.7,56,676,706
2121,151.1,-33.8,56,676,706
2122,151.1,-33.8,56,676,706
2123,151,-33.8,56,676,706
2125,151,-33.8,56,676,706
2126,151,-33.7,56,676,706
2127,151.1,-33.9,56,676,706
2128,151.1,-33.9,56,676,706
2130,151.1,-33.9,56,676,706
2131,151.1,-33.9,56,676,706
2132,151.1,-33.9,56,676,706
2133,151.1,-33.9,56,676,706
2134,151.1,-33.9,56,676,706
2135,151.1,-33.9,56,676,706
2136,151.1,-33.9,56,676,706
2137,151.1,-33.9,56,676,706
2138,151.1,-33.8,56,676,706
2139,151.1,-33.8,56,676,706
2140,151.1,-33.8,56,676,706
2141,151,-33.9,56,676,706
2142,151,-33.8,56,676,706
2143,151,-33.9,56,676,706
2144,151,-33.9,56,676,706
2150,151,-33.8,56,676,706
2151,151,-33.8,56,676,706
2152,151,-33.8,56,676,706
2153,151,-33.7,56,676,706
2154,151,-33.7,56,676,706
2160,151,-33.8,56,676,706
2161,151,-33.9,56,676,706
2162,151,-33.9,56,676,706
2163,151,-33.9,56,676,706
2190,151.1,-33.9,56,676,706
2191,151.1,-33.9,56,676,706
2192,151.1,-33.9,56,676,706
2193,151.1,-33.9,56,676,706
2194,151.1,-33.9,56,676,706
2195,151.1,-33.9,56,676,706
2196,151.1,-33.9,56,676,706
2197,151,-33.9,56,676,706
2198,151,-33.9,56,676,706
2199,151,-33.9,56,676,706
2200,151,-33.9,56,676,706
2203,151.1,-33.9,56,676,706
2204,151.2,-33.9,56,676,706
2205,151.1,-33.9,56,676,706
2206,151.1,-33.9,56,676,706
2207,151.1,-33.9,56,676,706
2208,151.1,-33.9,56,676,706
2209,151.1,-33.9,56,676,706
2210,151.1,-34,56,676,706
2211,151,-34,56,676,706
2212,151,-33.9,56,676,706
2213,151,-34,56,676,706
2214,151,-33.9,56,676,706
2216,151.1,-34,56,676,706
2217,151.1,-34,56,676,706
2218,151.1,-34,56,676,706
2219,151.1,-34,56,676,706
2220,151.1,-34,56,676,706
2221,151.1,-34,56,676,706
2222,151.1,-34,56,676,706
2223,151.1,-34,56,676,706
2224,151.1,-34,56,676,706
2225,151.1,-34,56,676,706
2226,151.1,-34,56,676,706
2227,151.1,-34,56,676,706
2228,151.1,-34,56,676,706
2229,151.1,-34.1,56,676,706
2230,151.1,-34.1,56,676,706
2231,151.1,-34,56,676,706
2232,151.1,-34.1,56,676,706
2233,151,-34.1,56,676,706
2234,151,-34,56,676,706
2500,150.9,-34.4,56,676,706
2502,150.9,-34.5,56,676,706
2505,150.9,-34.5,56,676,706
2506,150.8,-34.5,56,676,706
2508,151,-34.2,56,676,706
2515,150.9,-34.3,56,676,706
2516,150.9,-34.3,56,676,706
2517,150.9,-34.3,56,676,706
2518,150.9,-34.4,56,676,706
2519,150.7,-34.4,56,676,706
2522,150.9,-34.4,56,676,706
2525,150.8,-34.4,56,676,706
2526,150.8,-34.4,56,676,706
2528,150.9,-34.5,56,676,706
2530,150.8,-34.5,56,676,706
9999,151.2,-33.9,56,676,706
6275,115.6,-34.1,57,505,1982
6280,115.3,-33.7,57,505,1982
6397,117,-34.5,57,505,1982
6225,116.2,-33.4,58,177,1554
6236,115.8,-33.4,58,177,1554
6237,115.7,-33.5,58,177,1554
6239,115.9,-33.6,58,177,1554
6240,116,-33.5,58,177,1554
6243,116.2,-33.7,58,177,1554
6251,115.9,-33.7,58,177,1554
6252,116,-33.7,58,177,1554
6253,116,-33.8,58,177,1554
6254,116.1,-33.8,58,177,1554
6255,116.2,-34,58,177,1554
6256,116.2,-34.1,58,177,1554
6258,116.4,-34.3,58,177,1554
6260,115.9,-34.4,58,177,1554
6262,116.1,-34.7,58,177,1554
6281,115.1,-33.6,58,177,1554
6282,115,-33.7,58,177,1554
6284,115.2,-33.9,58,177,1554
6285,115.3,-33.9,58,177,1554
6286,115.2,-34.1,58,177,1554
6288,115.2,-34.2,58,177,1554
6290,115.1,-34.3,58,177,1554
6323,117.6,-34.5,58,177,1554
6327,117.6,-34.9,58,177,1554
6328,118.4,-34.6,58,177,1554
6330,117.9,-34.9,58,177,1554
6333,117.2,-34.9,58,177,1554
6337,119.2,-34,58,177,1554
6338,118.7,-34.4,58,177,1554
6346,120.3,-33.3,58,177,1554
6348,120.1,-33.9,58,177,1554
6398,116.6,-34.8,58,177,1554
5137,138.7,-34.9,59,360,3721
5138,138.8,-34.9,59,360,3721
5139,138.8,-34.9,59,360,3721
5140,138.7,-34.9,59,360,3721
5141,138.7,-35,59,360,3721
5142,138.7,-35,59,360,3721
5144,138.8,-35,59,360,3721
5150,138.7,-35,59,360,3721
5151,138.7,-35,59,360,3721
5152,138.7,-35,59,360,3721
5153,138.8,-35.1,59,360,3721
5154,138.7,-35,59,360,3721
5155,138.8,-35,59,360,3721
5156,138.7,-35,59,360,3721
5222,137.9,-35.8,59,360,3721
5233,138.9,-34.8,59,360,3721
5234,139,-34.8,59,360,3721
5235,139.1,-34.7,59,360,3721
5236,139.1,-34.8,59,360,3721
5237,139.2,-34.8,59,360,3721
5240,138.8,-34.9,59,360,3721
5241,138.9,-34.9,59,360,3721
5242,138.8,-35,59,360,3721
5243,138.8,-35,59,360,3721
5244,138.9,-34.9,59,360,3721
5245,138.8,-35,59,360,3721
5250,138.9,-35,59,360,3721
5251,138.9,-35.1,59,360,3721
5252,138.9,-35,59,360,3721
5255,139,-35.2,59,360,3721
5256,139,-35.5,59,360,3721
5355,139,-34.4,59,360,3721
5356,139.2,-34.4,59,360,3721
5373,138.9,-34.3,59,360,3721
5374,139.1,-34.2,59,360,3721
5401,138.7,-34.3,59,360,3721
5410,138.8,-34.4,59,360,3721
5411,138.8,-34.3,59,360,3721
5412,138.8,-34.2,59,360,3721
5413,138.9,-34.1,59,360,3721
5414,138.8,-33.9,59,360,3721
5416,138.8,-33.8,59,360,3721
5417,139.7,-33.5,59,360,3721
3011,144.9,-37.8,60,427,2270
3012,144.9,-37.8,60,427,2270
3013,144.9,-37.8,60,427,2270
3015,144.9,-37.8,60,427,2270
3016,144.9,-37.9,60,427,2270
3018,144.8,-37.9,60,427,2270
3019,144.9,-37.8,60,427,2270
3020,144.8,-37.8,60,427,2270
3021,144.8,-37.7,60,427,2270
3022,144.8,-37.8,60,427,2270
3023,144.8,-37.8,60,427,2270
3024,144.6,-37.9,60,427,2270
3025,144.8,-37.8,60,427,2270
3026,144.8,-37.8,60,427,2270
3028,144.8,-37.9,60,427,2270
3029,144.7,-37.8,60,427,2270
3030,144.6,-37.9,60,427,2270
3031,144.9,-37.8,60,427,2270
3032,144.9,-37.8,60,427,2270
3033,144.9,-37.7,60,427,2270
3034,144.9,-37.8,60,427,2270
3036,144.8,-37.7,60,427,2270
3037,144.8,-37.7,60,427,2270
3038,144.8,-37.7,60,427,2270
3039,144.9,-37.8,60,427,2270
3040,144.9,-37.8,60,427,2270
3041,144.9,-37.7,60,427,2270
3042,144.9,-37.7,60,427,2270
3043,144.9,-37.7,60,427,2270
3044,144.9,-37.7,60,427,2270
3045,144.8,-37.7,60,427,2270
3046,144.9,-37.7,60,427,2270
3047,144.9,-37.7,60,427,2270
3048,144.9,-37.7,60,427,2270
3049,144.9,-37.7,60,427,2270
3058,145,-37.7,60,427,2270
3059,144.9,-37.6,60,427,2270
3060,145,-37.7,60,427,2270
3061,145,-37.7,60,427,2270
3062,144.9,-37.6,60,427,2270
3063,144.9,-37.6,60,427,2270
3064,144.9,-37.5,60,427,2270
3074,145,-37.7,60,427,2270
3075,145,-37.7,60,427,2270
3076,145,-37.6,60,427,2270
3211,144.5,-37.9,60,427,2270
3212,144.4,-38,60,427,2270
3214,144.4,-38.1,60,427,2270
3215,144.3,-38.1,60,427,2270
3216,144.3,-38.2,60,427,2270
3217,144.3,-38.2,60,427,2270
3218,144.3,-38.1,60,427,2270
3219,144.4,-38.2,60,427,2270
3220,144.3,-38.2,60,427,2270
3221,143.9,-38.6,60,427,2270
3335,144.7,-37.7,60,427,2270
3337,144.6,-37.7,60,427,2270
3338,144.6,-37.7,60,427,2270
3427,144.7,-37.6,60,427,2270
3428,144.8,-37.6,60,427,2270
3429,144.7,-37.6,60,427,2270
3430,144.8,-37.5,60,427,2270
3431,144.7,-37.5,60,427,2270
3432,144.8,-37.4,60,427,2270
3434,144.8,-37.4,60,427,2270
3437,144.5,-37.5,60,427,2270
3750,145,-37.6,60,427,2270
3751,145.1,-37.6,60,427,2270
3752,145.1,-37.6,60,427,2270
3753,145,-37.5,60,427,2270
3754,145.1,-37.6,60,427,2270
3755,145.1,-37.6,60,427,2270
3756,145,-37.4,60,427,2270
3757,145.2,-37.5,60,427,2270
3758,145.1,-37.4,60,427,2270
3759,145.2,-37.7,60,427,2270
3760,145.3,-37.6,60,427,2270
3761,145.3,-37.6,60,427,2270
3762,144.9,-37.4,60,427,2270
3797,145.8,-37.9,60,427,2270
3799,145.8,-37.7,60,427,2270
3292,141.1,-38,61,286,2688
3311,141.2,-37.5,61,286,2688
3312,141.5,-37.6,61,286,2688
3314,142.1,-37.5,61,286,2688
3315,141.7,-37.4,61,286,2688
3317,141.5,-37.2,61,286,2688
3318,141.3,-37,61,286,2688
3319,141.1,-36.9,61,286,2688
3413,141.2,-36.7,61,286,2688
3420,141,-36.4,61,286,2688
5259,139.2,-35.5,61,286,2688
5260,139.5,-35.2,61,286,2688
5261,139.9,-35.6,61,286,2688
5262,140.9,-36.8,61,286,2688
5263,140.8,-37.3,61,286,2688
5264,139.3,-35.7,61,286,2688
5265,139.7,-35.7,61,286,2688
5266,139.8,-35.9,61,286,2688
5270,140.6,-36.4,61,286,2688
5271,140.5,-36.8,61,286,2688
5272,140.3,-37.2,61,286,2688
5273,140.2,-36.9,61,286,2688
5275,139.9,-36.6,61,286,2688
5276,139.9,-37.2,61,286,2688
5277,140.9,-37.4,61,286,2688
5278,140.6,-37.5,61,286,2688
5279,140.5,-37.6,61,286,2688
5280,140.3,-37.4,61,286,2688
5290,140.8,-37.8,61,286,2688
5291,140.7,-37.9,61,286,2688
3078,145,-37.8,62,390,1974
3079,145,-37.8,62,390,1974
3081,145,-37.7,62,390,1974
3082,145.1,-37.7,62,390,1974
3083,145.1,-37.7,62,390,1974
3084,145.1,-37.7,62,390,1974
3085,145.1,-37.7,62,390,1974
3087,145.1,-37.7,62,390,1974
3088,145.1,-37.7,62,390,1974
3089,145.2,-37.7,62,390,1974
3090,145.1,-37.7,62,390,1974
3091,145.1,-37.6,62,390,1974
3093,145.1,-37.7,62,390,1974
3094,145.1,-37.7,62,390,1974
3095,145.2,-37.7,62,390,1974
3096,145.2,-37.7,62,390,1974
3097,145.2,-37.7,62,390,1974
3099,145.2,-37.6,62,390,1974
3101,145,-37.8,62,390,1974
3102,145.1,-37.8,62,390,1974
3103,145.1,-37.8,62,390,1974
3104,145.1,-37.8,62,390,1974
3105,145.1,-37.8,62,390,1974
3106,145.1,-37.8,62,390,1974
3107,145.1,-37.8,62,390,1974
3108,145.1,-37.8,62,390,1974
3109,145.2,-37.8,62,390,1974
3111,145.2,-37.8,62,390,1974
3113,145.2,-37.8,62,390,1974
3114,145.2,-37.8,62,390,1974
3115,145.3,-37.7,62,390,1974
3116,145.3,-37.7,62,390,1974
3122,145,-37.8,62,390,1974
3123,145,-37.8,62,390,1974
3124,145.1,-37.8,62,390,1974
3125,145.1,-37.9,62,390,1974
3126,145.1,-37.8,62,390,1974
3127,145.1,-37.8,62,390,1974
3128,145.1,-37.8,62,390,1974
3129,145.1,-37.8,62,390,1974
3130,145.1,-37.8,62,390,1974
3131,145.2,-37.8,62,390,1974
3132,145.2,-37.8,62,390,1974
3133,145.2,-37.8,62,390,1974
3134,145.2,-37.8,62,390,1974
3135,145.2,-37.8,62,390,1974
3136,145.3,-37.8,62,390,1974
3137,145.3,-37.8,62,390,1974
3138,145.3,-37.8,62,390,1974
3139,145.5,-37.8,62,390,1974
3140,145.4,-37.8,62,390,1974
3144,145,-37.9,62,390,1974
3145,145,-37.9,62,390,1974
3146,145.1,-37.9,62,390,1974
3147,145.1,-37.9,62,390,1974
3148,145.1,-37.9,62,390,1974
3149,145.1,-37.9,62,390,1974
3150,145.2,-37.9,62,390,1974
3151,145.2,-37.9,62,390,1974
3152,145.2,-37.9,62,390,1974
3153,145.3,-37.8,62,390,1974
3154,145.3,-37.9,62,390,1974
3155,145.3,-37.9,62,390,1974
3156,145.3,-37.9,62,390,1974
3158,145.3,-37.9,62,390,1974
3159,145.4,-37.9,62,390,1974
3160,145.4,-37.9,62,390,1974
3161,145,-37.9,62,390,1974
3162,145,-37.9,62,390,1974
3163,145.1,-37.9,62,390,1974
3165,145.1,-37.9,62,390,1974
3166,145.1,-37.9,62,390,1974
3167,145.1,-37.9,62,390,1974
3168,145.1,-37.9,62,390,1974
3169,145.1,-37.9,62,390,1974
3170,145.2,-37.9,62,390,1974
3171,145.2,-37.9,62,390,1974
3172,145.1,-38,62,390,1974
3173,145.2,-38,62,390,1974
3174,145.2,-38,62,390,1974
3175,145.2,-38,62,390,1974
3177,145.2,-38,62,390,1974
3178,145.2,-37.9,62,390,1974
3179,145.2,-37.9,62,390,1974
3180,145.2,-37.9,62,390,1974
3186,145,-37.9,62,390,1974
3187,145,-37.9,62,390,1974
3188,145,-37.9,62,390,1974
3189,145,-37.9,62,390,1974
3190,145,-38,62,390,1974
3191,145,-38,62,390,1974
3192,145.1,-38,62,390,1974
3193,145,-38,62,390,1974
3194,145.1,-38,62,390,1974
3195,145.1,-38,62,390,1974
3196,145.1,-38,62,390,1974
3197,145.1,-38.1,62,390,1974
3198,145.1,-38.1,62,390,1974
3199,145.1,-38.2,62,390,1974
3200,145.2,-38.1,62,390,1974
3201,145.2,-38.1,62,390,1974
3202,145.1,-38,62,390,1974
3800,145.1,-37.9,62,390,1974
3802,145.3,-38,62,390,1974
3803,145.3,-38,62,390,1974
3804,145.3,-38,62,390,1974
3805,145.3,-38,62,390,1974
3806,145.3,-38,62,390,1974
3807,145.4,-38,62,390,1974
3808,145.4,-38,62,390,1974
3809,145.4,-38.1,62,390,1974
3810,145.5,-38,62,390,1974
3812,145.6,-38.1,62,390,1974
3813,145.6,-38.1,62,390,1974
3814,145.7,-38.1,62,390,1974
3815,145.7,-38,62,390,1974
3816,145.8,-38,62,390,1974
3818,145.9,-38.1,62,390,1974
3910,145.2,-38.2,62,390,1974
3911,145.2,-38.2,62,390,1974
3912,145.2,-38.2,62,390,1974
3913,145.2,-38.3,62,390,1974
3915,145.1,-38.3,62,390,1974
3916,145.1,-38.4,62,390,1974
3918,145.2,-38.3,62,390,1974
3919,145.2,-38.4,62,390,1974
3920,145.2,-38.4,62,390,1974
3925,145.3,-38.5,62,390,1974
3926,145.1,-38.4,62,390,1974
3927,145.2,-38.4,62,390,1974
3928,145,-38.4,62,390,1974
3929,145,-38.5,62,390,1974
3930,145.1,-38.2,62,390,1974
3931,145,-38.2,62,390,1974
3933,145.1,-38.3,62,390,1974
3934,145,-38.3,62,390,1974
3936,145,-38.3,62,390,1974
3937,145,-38.4,62,390,1974
3938,144.9,-38.4,62,390,1974
3939,144.9,-38.4,62,390,1974
3940,144.9,-38.4,62,390,1974
3941,144.8,-38.4,62,390,1974
3942,144.8,-38.4,62,390,1974
3943,144.7,-38.3,62,390,1974
3944,144.7,-38.3,62,390,1974
3975,145.2,-38.1,62,390,1974
3976,145.3,-38,62,390,1974
3977,145.3,-38.1,62,390,1974
3978,145.4,-38.1,62,390,1974
3260,143.2,-38.2,63,181,2621
3264,142.9,-38.2,63,181,2621
3265,142.7,-38.3,63,181,2621
3271,143,-37.9,63,181,2621
3272,142.9,-38,63,181,2621
3273,142.7,-38,63,181,2621
3274,142.5,-38,63,181,2621
3275,142.5,-38.3,63,181,2621
3276,142.4,-38.2,63,181,2621
3277,142.7,-38.4,63,181,2621
3278,142.6,-38.3,63,181,2621
3279,142.5,-38.4,63,181,2621
3280,142.5,-38.4,63,181,2621
3281,142.5,-38.2,63,181,2621
3282,142.4,-38.3,63,181,2621
3283,142.3,-38.3,63,181,2621
3284,141.9,-38.2,63,181,2621
3285,141.7,-38.2,63,181,2621
3286,142,-38,63,181,2621
3287,142.3,-38.1,63,181,2621
3289,142.2,-37.9,63,181,2621
3293,142.5,-37.7,63,181,2621
3294,142.3,-37.6,63,181,2621
3300,142,-37.7,63,181,2621
3301,142,-38.1,63,181,2621
3302,141.7,-37.8,63,181,2621
3303,141.8,-38,63,181,2621
3304,141.3,-38,63,181,2621
3305,141.4,-38.2,63,181,2621
3309,141.5,-37.8,63,181,2621
3310,141.5,-37.7,63,181,2621
3325,143.2,-37.9,63,181,2621
3329,143.9,-38,63,181,2621
3222,144.6,-38.2,64,104,1893
3223,144.7,-38.1,64,104,1893
3224,144.5,-38.2,64,104,1893
3225,144.6,-38.3,64,104,1893
3226,144.5,-38.3,64,104,1893
3227,144.4,-38.3,64,104,1893
3228,144.3,-38.3,64,104,1893
3230,144.2,-38.4,64,104,1893
3231,144.1,-38.5,64,104,1893
3232,144,-38.5,64,104,1893
3233,143.7,-38.7,64,104,1893
3235,143.9,-38.4,64,104,1893
3236,143.7,-38.5,64,104,1893
3237,143.5,-38.7,64,104,1893
3238,143.4,-38.7,64,104,1893
3239,143.4,-38.6,64,104,1893
3240,144.2,-38.3,64,104,1893
3241,143.9,-38.2,64,104,1893
3242,143.7,-38.3,64,104,1893
3243,143.8,-38.4,64,104,1893
3249,143.6,-38.4,64,104,1893
3250,143.6,-38.3,64,104,1893
3251,143.6,-38.2,64,104,1893
3254,143.5,-38.3,64,104,1893
3266,143.1,-38.4,64,104,1893
3267,143.1,-38.5,64,104,1893
3268,142.9,-38.5,64,104,1893
3269,143,-38.6,64,104,1893
3270,142.9,-38.6,64,104,1893
3321,143.9,-38.1,64,104,1893
3956,146,-38.6,64,104,1893
3959,146.1,-38.7,64,104,1893
3960,146.2,-38.8,64,104,1893
3962,146.4,-38.6,64,104,1893
3964,146.3,-38.7,64,104,1893
3965,146.5,-38.7,64,104,1893
3980,145.4,-38.2,64,104,1893
3981,145.6,-38.2,64,104,1893
3984,145.6,-38.3,64,104,1893
3995,145.6,-38.6,64,104,1893
3996,145.7,-38.6,64,104,1893
2328,150.6,-32.6,65,271,3761
2333,150.7,-32.2,65,271,3761
2583,149.3,-34.2,65,271,3761
2586,148.8,-34.4,65,271,3761
2587,148.4,-34.5,65,271,3761
2594,148.1,-34.2,65,271,3761
2787,150.2,-34.1,65,271,3761
2790,150.4,-33.3,65,271,3761
2791,149.2,-33.6,65,271,3761
2792,149.1,-33.6,65,271,3761
2793,148.9,-33.8,65,271,3761
2795,149.5,-33.8,65,271,3761
2797,149,-33.6,65,271,3761
2798,149.2,-33.5,65,271,3761
2799,149.3,-33.6,65,271,3761
2800,149.1,-33.2,65,271,3761
2803,148.5,-34.2,65,271,3761
2807,148.6,-34,65,271,3761
2845,150,-33.4,65,271,3761
2846,150.1,-33.1,65,271,3761
2847,150,-33.4,65,271,3761
2848,150,-32.9,65,271,3761
2849,150.1,-32.7,65,271,3761
2850,149.6,-32.7,65,271,3761
2865,148.7,-33.2,65,271,3761
2866,148.9,-33,65,271,3761
2867,148.6,-33,65,271,3761
3322,143.7,-38,66,408,3463
3323,143.5,-38,66,408,3463
3324,143.4,-37.9,66,408,3463
3328,144,-38,66,408,3463
3330,143.8,-37.9,66,408,3463
3331,144.2,-38,66,408,3463
3332,144.1,-37.9,66,408,3463
3333,144,-37.9,66,408,3463
3334,144.1,-37.8,66,408,3463
3340,144.4,-37.8,66,408,3463
3341,144.3,-37.6,66,408,3463
3342,144.2,-37.7,66,408,3463
3345,144.1,-37.6,66,408,3463
3350,143.9,-37.6,66,408,3463
3351,143,-37.7,66,408,3463
3352,143.7,-37.5,66,408,3463
3355,143.8,-37.5,66,408,3463
3356,143.8,-37.6,66,408,3463
3357,143.9,-37.7,66,408,3463
3360,143.5,-37.8,66,408,3463
3361,143.4,-37.8,66,408,3463
3363,143.9,-37.4,66,408,3463
3364,143.9,-37.3,66,408,3463
3370,143.8,-37.3,66,408,3463
3371,143.6,-37.2,66,408,3463
3373,143.3,-37.5,66,408,3463
3375,143.1,-37.4,66,408,3463
3377,143,-37.2,66,408,3463
3378,143,-37.5,66,408,3463
3379,142.7,-33.5,66,408,3463
3380,142.8,-37.1,66,408,3463
3381,142.7,-37,66,408,3463
3384,143.1,-36.9,66,408,3463
3385,142.5,-36.9,66,408,3463
3387,142.9,-36.7,66,408,3463
3388,142.7,-36.6,66,408,3463
3390,142.5,-36.6,66,408,3463
3435,144.7,-37.2,66,408,3463
3438,144.6,-37.5,66,408,3463
3440,144.5,-37.4,66,408,3463
3441,144.6,-37.4,66,408,3463
3442,144.5,-37.3,66,408,3463
3444,144.5,-37.2,66,408,3463
3446,144.4,-37.2,66,408,3463
3447,144.3,-37.2,66,408,3463
3448,144.4,-37.1,66,408,3463
3450,144.2,-37.1,66,408,3463
3451,144.2,-37.1,66,408,3463
3453,144.3,-37,66,408,3463
3458,144.3,-37.4,66,408,3463
3460,144.1,-37.4,66,408,3463
3461,144.2,-37.3,66,408,3463
3462,144.1,-37.1,66,408,3463
3463,144.1,-37,66,408,3463
3464,143.8,-37,66,408,3463
3465,143.6,-37,66,408,3463
3467,143.4,-37.1,66,408,3463
3468,143.4,-37.3,66,408,3463
3469,143.3,-37.2,66,408,3463
3472,143.7,-36.9,66,408,3463
3475,143.5,-36.7,66,408,3463
3478,143.2,-36.7,66,408,3463
3480,143,-36.3,66,408,3463
3516,144,-36.6,66,408,3463
3517,143.9,-36.5,66,408,3463
3518,143.6,-36.5,66,408,3463
3521,144.9,-37.1,66,408,3463
3522,144.7,-37.1,66,408,3463
3523,144.8,-36.8,66,408,3463
3525,143.4,-36.3,66,408,3463
3550,144.3,-36.8,66,408,3463
3551,144.2,-36.7,66,408,3463
3555,144.2,-36.8,66,408,3463
3556,144.2,-36.7,66,408,3463
3557,144.6,-36.6,66,408,3463
3558,144.6,-36.5,66,408,3463
3559,144.8,-36.6,66,408,3463
3561,144.7,-36.3,66,408,3463
3562,144.5,-36.1,66,408,3463
3564,144.7,-36.2,66,408,3463
3565,144.5,-36.2,66,408,3463
3566,144.4,-35.9,66,408,3463
3570,144.3,-36.5,66,408,3463
3571,144.2,-36.4,66,408,3463
3572,144.3,-36.3,66,408,3463
3575,144.2,-36.1,66,408,3463
3607,145.2,-36.8,66,408,3463
3608,145.1,-36.7,66,408,3463
3610,145.2,-36.6,66,408,3463
3612,145,-36.6,66,408,3463
3614,145.3,-36.5,66,408,3463
3616,145.1,-36.5,66,408,3463
3617,145.2,-36.4,66,408,3463
3618,145.1,-36.4,66,408,3463
3620,145.1,-36.3,66,408,3463
3621,145,-36.2,66,408,3463
3622,144.9,-36.2,66,408,3463
3623,145,-36.5,66,408,3463
3624,145,-36.4,66,408,3463
3629,145.3,-36.3,66,408,3463
3630,145.4,-36.4,66,408,3463
3631,145.5,-36.4,66,408,3463
3633,145.5,-36.3,66,408,3463
3634,145.4,-36.2,66,408,3463
3635,145.3,-36.1,66,408,3463
3636,145.5,-36.1,66,408,3463
3637,145.3,-36.1,66,408,3463
3638,145.2,-36,66,408,3463
3639,145,-36,66,408,3463
3640,145.5,-36,66,408,3463
3641,145.4,-35.9,66,408,3463
3644,145.6,-35.9,66,408,3463
3646,145.7,-36.2,66,408,3463
3647,145.7,-36.4,66,408,3463
3649,145.7,-36.1,66,408,3463
3658,145.1,-37.2,66,408,3463
3659,145.1,-37.1,66,408,3463
3660,145.3,-37,66,408,3463
3662,145,-36.9,66,408,3463
3663,145.2,-36.9,66,408,3463
3664,145.3,-36.9,66,408,3463
3665,145.4,-36.8,66,408,3463
3666,145.6,-36.8,66,408,3463
3669,145.7,-36.6,66,408,3463
3670,145.9,-36.6,66,408,3463
3672,146,-36.6,66,408,3463
3673,146.1,-36.7,66,408,3463
3675,146.3,-36.6,66,408,3463
3677,146.3,-36.4,66,408,3463
3678,146.5,-36.7,66,408,3463
3682,146.4,-36.2,66,408,3463
3683,146.6,-36.2,66,408,3463
3685,146.5,-36.1,66,408,3463
3687,146.4,-36,66,408,3463
3688,146.7,-36.1,66,408,3463
3690,146.9,-36.1,66,408,3463
3691,147,-36.3,66,408,3463
3694,146.9,-36.2,66,408,3463
3695,147.1,-36.3,66,408,3463
3697,147.2,-36.7,66,408,3463
3698,147.1,-36.7,66,408,3463
3699,147.3,-36.8,66,408,3463
3700,147.4,-36.3,66,408,3463
3701,147.3,-36.1,66,408,3463
3704,147.5,-36.1,66,408,3463
3705,147.8,-36.3,66,408,3463
3707,148,-36.6,66,408,3463
3708,147.9,-36.1,66,408,3463
3709,147.7,-36,66,408,3463
3711,145.7,-37.4,66,408,3463
3712,145.8,-37.3,66,408,3463
3713,145.9,-37.2,66,408,3463
3714,145.7,-37.2,66,408,3463
3715,145.7,-37,66,408,3463
3717,145.4,-37.3,66,408,3463
3718,145.5,-37.1,66,408,3463
3719,145.6,-37,66,408,3463
3720,145.9,-37,66,408,3463
3722,146.3,-37.2,66,408,3463
3732,146.3,-36.7,66,408,3463
3733,146.3,-36.8,66,408,3463
3735,146.6,-36.5,66,408,3463
3737,146.8,-36.6,66,408,3463
3738,146.8,-36.6,66,408,3463
3739,146.9,-36.6,66,408,3463
3740,146.8,-36.7,66,408,3463
3741,147.1,-37,66,408,3463
3744,147,-36.8,66,408,3463
3746,146.5,-36.3,66,408,3463
3747,146.7,-36.4,66,408,3463
3749,146.8,-36.4,66,408,3463
3763,145.4,-37.5,66,408,3463
3764,144.9,-37.3,66,408,3463
3765,145.3,-37.8,66,408,3463
3766,145.4,-37.8,66,408,3463
3767,145.3,-37.8,66,408,3463
3770,145.4,-37.7,66,408,3463
3775,145.4,-37.6,66,408,3463
3777,145.5,-37.6,66,408,3463
3778,145.6,-37.5,66,408,3463
3779,145.8,-37.5,66,408,3463
3781,145.5,-37.9,66,408,3463
3782,145.4,-37.9,66,408,3463
3783,145.6,-37.9,66,408,3463
3786,145.3,-37.9,66,408,3463
3787,145.4,-37.9,66,408,3463
3788,145.4,-37.8,66,408,3463
3789,145.4,-37.9,66,408,3463
3791,145.4,-37.9,66,408,3463
3792,145.4,-37.9,66,408,3463
3793,145.4,-37.9,66,408,3463
3795,145.4,-37.8,66,408,3463
3796,145.4,-37.8,66,408,3463
7215,148.2,-41.7,67,3,1999
7216,148.1,-41.3,67,3,1999
7253,146.8,-41.1,67,3,1999
7254,147.2,-41.1,67,3,1999
7255,146.4,-39.2,67,3,1999
7256,143.8,-39.7,67,3,1999
7257,148,-40.4,67,3,1999
7262,147.3,-40.8,67,3,1999
7264,148,-41,67,3,1999
7265,147.8,-41.1,67,3,1999
7270,146.8,-41.2,67,3,1999
7275,146.8,-41.3,67,3,1999
7276,147,-41.3,67,3,1999
7307,146.5,-41.3,67,3,1999
7310,146.2,-41.2,67,3,1999
7316,145.9,-41.3,67,3,1999
7320,145.9,-41.1,67,3,1999
7030,147,-42.3,68,96,3462
7119,147.4,-42.4,68,96,3462
7120,147.5,-42.3,68,96,3462
7140,146.5,-42.5,68,96,3462
7209,147.6,-42.1,68,96,3462
7210,147.4,-41.9,68,96,3462
7211,147.3,-41.8,68,96,3462
7212,147.5,-41.6,68,96,3462
7213,147.8,-41.8,68,96,3462
7214,147.9,-41.6,68,96,3462
7252,147,-41.1,68,96,3462
7258,147.2,-41.5,68,96,3462
7259,147.4,-41.4,68,96,3462
7260,147.5,-41.2,68,96,3462
7261,147.6,-41.1,68,96,3462
7263,147.7,-41.3,68,96,3462
7267,147.1,-41.3,68,96,3462
7268,147.2,-41.3,68,96,3462
7290,147.1,-41.5,68,96,3462
7291,147,-41.5,68,96,3462
7292,146.9,-41.5,68,96,3462
7300,147.2,-41.6,68,96,3462
7301,147,-41.6,68,96,3462
7302,147,-41.7,68,96,3462
7303,146.8,-41.6,68,96,3462
7304,146.2,-41.7,68,96,3462
7305,146.4,-41.4,68,96,3462
7306,146.2,-41.5,68,96,3462
7315,146.1,-41.3,68,96,3462
2624,148.3,-36.5,69,5,6230
2625,148.3,-36.5,69,5,6230
2627,148.2,-36.4,69,5,6230